     1        0   0.000
     2    19912   0.010
     3    39823   0.020
     4    59734   0.030
     5    79645   0.040
     6    99556   0.050
     7   119467   0.060
     8   139378   0.070
     9   159289   0.080
    10   179200   0.090
    11   199111   0.100
    12   219022   0.110
    13   238933   0.120
    14   258844   0.130
    15   278755   0.140
    16   298666   0.150
    17   318577   0.160
    18   338488   0.170
    19   358399   0.180
    20   378310   0.190
    21   398221   0.200
    22   418132   0.210
    23   438043   0.220
    24   457954   0.230
    25   477865   0.240
    26   497776   0.250
    27   517687   0.260
    28   537598   0.270
    29   557509   0.280
    30   577420   0.290
    31   597331   0.300
    32   617242   0.310
    33   637153   0.320
    34   657064   0.330
    35   676975   0.340
    36   696886   0.350
    37   716797   0.360
    38   736708   0.370
    39   756619   0.380
    40   776530   0.390
    41   796441   0.400
    42   816352   0.410
    43   836263   0.420
    44   856174   0.430
    45   876085   0.440
    46   895996   0.450
    47   915907   0.460
    48   935818   0.470
    49   955729   0.480
    50   975640   0.490
    51   995551   0.500
    52  1015462   0.510
    53  1035373   0.520
    54  1055284   0.530
    55  1075195   0.540
    56  1095106   0.550
    57  1115017   0.560
    58  1134928   0.570
    59  1154839   0.580
    60  1174750   0.590
    61  1194661   0.600
    62  1214572   0.610
    63  1234483   0.620
    64  1254394   0.630
    65  1274305   0.640
    66  1294216   0.650
    67  1314127   0.660
    68  1334038   0.670
    69  1353949   0.680
    70  1373860   0.690
    71  1393771   0.700
    72  1413682   0.710
    73  1433593   0.720
    74  1453504   0.730
    75  1473415   0.740
    76  1493326   0.750
    77  1513237   0.760
    78  1533148   0.770
    79  1553059   0.780
    80  1572970   0.790
    81  1592881   0.800
    82  1612792   0.810
    83  1632703   0.820
    84  1652614   0.830
    85  1672525   0.840
    86  1692436   0.850
    87  1712347   0.860
    88  1732258   0.870
    89  1752169   0.880
    90  1772080   0.890
    91  1791991   0.900
    92  1811902   0.910
    93  1831813   0.920
    94  1851724   0.930
    95  1871635   0.940
    96  1891546   0.950
    97  1911457   0.960
