     1        0   180000   0.000
     2    19912   180000   0.010
     3    39823   180251   0.020
     4    59734   180251   0.030
     5    79645   180516   0.040
     6    99556   180516   0.050
     7   119467   180779   0.060
     8   139378   180779   0.070
     9   159289   181048   0.080
    10   179200   181048   0.090
    11   199111   181325   0.100
    12   219022   181325   0.110
    13   238933   181604   0.120
    14   258844   181604   0.130
    15   278755   181885   0.140
    16   298666   181885   0.150
    17   318577   182159   0.160
    18   338488   182159   0.170
    19   358399   182448   0.180
    20   378310   182448   0.190
    21   398221   182729   0.200
    22   418132   182729   0.210
    23   438043   183010   0.220
    24   457954   183010   0.230
    25   477865   183308   0.240
    26   497776   183308   0.250
    27   517687   183579   0.260
    28   537598   183579   0.270
    29   557509   183872   0.280
    30   577420   183872   0.290
    31   597331   184142   0.300
    32   617242   184142   0.310
    33   637153   184433   0.320
    34   657064   184433   0.330
    35   676975   184737   0.340
    36   696886   184737   0.350
    37   716797   185014   0.360
    38   736708   185014   0.370
    39   756619   185323   0.380
    40   776530   185323   0.390
    41   796441   185591   0.400
    42   816352   185591   0.410
    43   836263   185870   0.420
    44   856174   185870   0.430
    45   876085   186172   0.440
    46   895996   186172   0.450
    47   915907   186437   0.460
    48   935818   186437   0.470
    49   955729   186750   0.480
    50   975640   186750   0.490
    51   995551   187023   0.500
    52  1015462   187023   0.510
    53  1035373   187299   0.520
    54  1055284   187299   0.530
    55  1075195   187600   0.540
    56  1095106   187600   0.550
    57  1115017   187875   0.560
    58  1134928   187875   0.570
    59  1154839   188187   0.580
    60  1174750   188187   0.590
    61  1194661   188461   0.600
    62  1214572   188461   0.610
    63  1234483   188731   0.620
    64  1254394   188731   0.630
    65  1274305   189037   0.640
    66  1294216   189037   0.650
    67  1314127   189307   0.660
    68  1334038   189307   0.670
    69  1353949   189612   0.680
    70  1373860   189612   0.690
    71  1393771   189880   0.700
    72  1413682   189880   0.710
    73  1433593   190163   0.720
    74  1453504   190163   0.730
    75  1473415   190465   0.740
    76  1493326   190465   0.750
    77  1513237   190744   0.760
    78  1533148   190744   0.770
    79  1553059   191054   0.780
    80  1572970   191054   0.790
    81  1592881   191336   0.800
    82  1612792   191336   0.810
    83  1632703   191626   0.820
    84  1652614   191626   0.830
    85  1672525   191930   0.840
    86  1692436   191930   0.850
    87  1712347   192220   0.860
    88  1732258   192220   0.870
    89  1752169   192535   0.880
    90  1772080   192535   0.890
    91  1791991   192811   0.900
    92  1811902   192811   0.910
    93  1831813   193094   0.920
    94  1851724   193094   0.930
    95  1871635   193398   0.940
    96  1891546   193398   0.950
    97  1911457   193693   0.960
