     1    12050     1993   0.001
     2    12050     3985   0.002
     3    12050     5977   0.003
     4    12050     7969   0.004
     5    12050     9961   0.005
     6    12050    11953   0.006
     7    12050    13945   0.007
     8    12050    15937   0.008
     9    12050    17929   0.009
    10    12050    19921   0.010
    11    12050    21913   0.011
    12    12050    23905   0.012
    13    12050    25897   0.013
    14    12050    27889   0.014
    15    12050    29881   0.015
    16    12050    31873   0.016
    17    12050    33865   0.017
    18    12050    35857   0.018
    19    12050    37849   0.019
    20    12050    39841   0.020
    21    12050    41833   0.021
    22    12050    43825   0.022
    23    12050    45817   0.023
    24    12050    47809   0.024
    25    12050    49801   0.025
    26    12050    51793   0.026
    27    12050    53785   0.027
    28    12050    55777   0.028
    29    12050    57769   0.029
    30    12050    59761   0.030
    31    12050    61753   0.031
    32    12050    63745   0.032
    33    12050    65737   0.033
    34    12050    67729   0.034
    35    12050    69721   0.035
    36    12050    71713   0.036
    37    12050    73705   0.037
    38    12050    75697   0.038
    39    12050    77689   0.039
    40    12050    79681   0.040
    41    12050    81673   0.041
    42    12050    83665   0.042
    43    12050    85657   0.043
    44    12050    87649   0.044
    45    12050    89641   0.045
    46    12050    91633   0.046
    47    12050    93625   0.047
    48    12050    95617   0.048
    49    12050    97609   0.049
    50    12050    99601   0.050
    51    12050   101593   0.051
    52    12050   103585   0.052
    53    12050   105577   0.053
    54    12050   107569   0.054
    55    12050   109561   0.055
    56    12050   111553   0.056
    57    12050   113545   0.057
    58    12050   115537   0.058
    59    12050   117529   0.059
    60    12050   119521   0.060
    61    12050   121513   0.061
    62    12050   123505   0.062
    63    12050   125497   0.063
    64    12050   127489   0.064
    65    12050   129481   0.065
    66    12050   131473   0.066
    67    12050   133465   0.067
    68    12050   135457   0.068
    69    12050   137449   0.069
    70    12050   139441   0.070
    71    12050   141433   0.071
    72    12050   143425   0.072
    73    12050   145417   0.073
    74    12050   147409   0.074
    75    12050   149401   0.075
    76    12050   151393   0.076
    77    12050   153385   0.077
    78    12050   155377   0.078
    79    12050   157369   0.079
    80    12050   159361   0.080
    81    12050   161353   0.081
    82    12050   163345   0.082
    83    12050   165337   0.083
    84    12050   167329   0.084
    85    12050   169321   0.085
    86    12050   171313   0.086
    87    12050   173305   0.087
    88    12050   175297   0.088
    89    12050   177289   0.089
    90    12050   179281   0.090
    91    12050   181273   0.091
    92    12050   183265   0.092
    93    12050   185257   0.093
    94    12050   187249   0.094
    95    12050   189241   0.095
    96    12050   191233   0.096
    97    12050   193225   0.097
    98    12050   195217   0.098
    99    12050   197209   0.099
   100    12050   199201   0.100
   101    12050   201193   0.101
   102    12050   203185   0.102
   103    12050   205177   0.103
   104    12050   207169   0.104
   105    12050   209161   0.105
   106    12050   211153   0.106
   107    12050   213145   0.107
   108    12050   215137   0.108
   109    12050   217129   0.109
   110    12050   219121   0.110
   111    12050   221113   0.111
   112    12050   223105   0.112
   113    12050   225097   0.113
   114    12050   227089   0.114
   115    12050   229081   0.115
   116    12050   231073   0.116
   117    12050   233065   0.117
   118    12050   235057   0.118
   119    12050   237049   0.119
   120    12050   239041   0.120
   121    12050   241033   0.121
   122    12050   243025   0.122
   123    12050   245017   0.123
   124    12050   247009   0.124
   125    12050   249001   0.125
   126    12050   250993   0.126
   127    12050   252985   0.127
   128    12050   254977   0.128
   129    12050   256969   0.129
   130    12050   258961   0.130
   131    12050   260953   0.131
   132    12050   262945   0.132
   133    12050   264937   0.133
   134    12050   266929   0.134
   135    12050   268921   0.135
   136    12050   270913   0.136
   137    12050   272905   0.137
   138    12050   274897   0.138
   139    12050   276889   0.139
   140    12050   278881   0.140
   141    12050   280873   0.141
   142    12050   282865   0.142
   143    12050   284857   0.143
   144    12050   286849   0.144
   145    12050   288841   0.145
   146    12050   290833   0.146
   147    12050   292825   0.147
   148    12050   294817   0.148
   149    12050   296809   0.149
   150    12050   298801   0.150
   151    12050   300793   0.151
   152    12050   302785   0.152
   153    12050   304777   0.153
   154    12050   306769   0.154
   155    12050   308761   0.155
   156    12050   310753   0.156
   157    12050   312745   0.157
   158    12050   314737   0.158
   159    12050   316729   0.159
   160    12050   318721   0.160
   161    12050   320713   0.161
   162    12050   322705   0.162
   163    12050   324697   0.163
   164    12050   326689   0.164
   165    12050   328681   0.165
   166    12050   330673   0.166
   167    12050   332665   0.167
   168    12050   334657   0.168
   169    12050   336649   0.169
   170    12050   338641   0.170
   171    12050   340633   0.171
   172    12050   342625   0.172
   173    12050   344617   0.173
   174    12050   346609   0.174
   175    12050   348601   0.175
   176    12050   350593   0.176
   177    12050   352585   0.177
   178    12050   354577   0.178
   179    12050   356569   0.179
   180    12050   358561   0.180
   181    12050   360553   0.181
   182    12050   362545   0.182
   183    12050   364537   0.183
   184    12050   366529   0.184
   185    12050   368521   0.185
   186    12050   370513   0.186
   187    12050   372505   0.187
   188    12050   374497   0.188
   189    12050   376489   0.189
   190    12050   378481   0.190
   191    12050   380473   0.191
   192    12050   382465   0.192
   193    12050   384457   0.193
   194    12050   386449   0.194
   195    12050   388441   0.195
   196    12050   390433   0.196
   197    12050   392425   0.197
   198    12050   394417   0.198
   199    12050   396409   0.199
   200    12050   398401   0.200
   201    12050   400393   0.201
   202    12050   402385   0.202
   203    12050   404377   0.203
   204    12050   406369   0.204
   205    12050   408361   0.205
   206    12050   410353   0.206
   207    12050   412345   0.207
   208    12050   414337   0.208
   209    12050   416329   0.209
   210    12050   418321   0.210
   211    12050   420313   0.211
   212    12050   422305   0.212
   213    12050   424297   0.213
   214    12050   426289   0.214
   215    12050   428281   0.215
   216    12050   430273   0.216
   217    12050   432265   0.217
   218    12050   434257   0.218
   219    12050   436249   0.219
   220    12050   438241   0.220
   221    12050   440233   0.221
   222    12050   442225   0.222
   223    12050   444217   0.223
   224    12050   446209   0.224
   225    12050   448201   0.225
   226    12050   450193   0.226
   227    12050   452185   0.227
   228    12050   454177   0.228
   229    12050   456169   0.229
   230    12050   458161   0.230
   231    12050   460153   0.231
   232    12050   462145   0.232
   233    12050   464137   0.233
   234    12050   466129   0.234
   235    12050   468121   0.235
   236    12050   470113   0.236
   237    12050   472105   0.237
   238    12050   474097   0.238
   239    12050   476089   0.239
   240    12050   478081   0.240
   241    12050   480073   0.241
   242    12050   482065   0.242
   243    12050   484057   0.243
   244    12050   486049   0.244
   245    12050   488041   0.245
   246    12050   490033   0.246
   247    12050   492025   0.247
   248    12050   494017   0.248
   249    12050   496009   0.249
   250    12050   498001   0.250
   251    12050   499993   0.251
   252    12050   501985   0.252
   253    12050   503977   0.253
   254    12050   505969   0.254
   255    12050   507961   0.255
   256    12050   509953   0.256
   257    12050   511945   0.257
   258    12050   513937   0.258
   259    12050   515929   0.259
   260    12050   517921   0.260
   261    12050   519913   0.261
   262    12050   521905   0.262
   263    12050   523897   0.263
   264    12050   525889   0.264
   265    12050   527881   0.265
   266    12050   529873   0.266
   267    12050   531865   0.267
   268    12050   533857   0.268
   269    12050   535849   0.269
   270    12050   537841   0.270
   271    12050   539833   0.271
   272    12050   541825   0.272
   273    12050   543817   0.273
   274    12050   545809   0.274
   275    12050   547801   0.275
   276    12050   549793   0.276
   277    12050   551785   0.277
   278    12050   553777   0.278
   279    12050   555769   0.279
   280    12050   557761   0.280
   281    12050   559753   0.281
   282    12050   561745   0.282
   283    12050   563737   0.283
   284    12050   565729   0.284
   285    12050   567721   0.285
   286    12050   569713   0.286
   287    12050   571705   0.287
   288    12050   573697   0.288
   289    12050   575689   0.289
   290    12050   577681   0.290
   291    12050   579673   0.291
   292    12050   581665   0.292
   293    12050   583657   0.293
   294    12050   585649   0.294
   295    12050   587641   0.295
   296    12050   589633   0.296
   297    12050   591625   0.297
   298    12050   593617   0.298
   299    12050   595609   0.299
   300    12050   597601   0.300
   301    12050   599593   0.301
   302    12050   601585   0.302
   303    12050   603577   0.303
   304    12050   605569   0.304
   305    12050   607561   0.305
   306    12050   609553   0.306
   307    12050   611545   0.307
   308    12050   613537   0.308
   309    12050   615529   0.309
   310    12050   617521   0.310
   311    12050   619513   0.311
   312    12050   621505   0.312
   313    12050   623497   0.313
   314    12050   625489   0.314
   315    12050   627481   0.315
   316    12050   629473   0.316
   317    12050   631465   0.317
   318    12050   633457   0.318
   319    12050   635449   0.319
   320    12050   637441   0.320
   321    12050   639433   0.321
   322    12050   641425   0.322
   323    12050   643417   0.323
   324    12050   645409   0.324
   325    12050   647401   0.325
   326    12050   649393   0.326
   327    12050   651385   0.327
   328    12050   653377   0.328
   329    12050   655369   0.329
   330    12050   657361   0.330
   331    12050   659353   0.331
   332    12050   661345   0.332
   333    12050   663337   0.333
   334    12050   665329   0.334
   335    12050   667321   0.335
   336    12050   669313   0.336
   337    12050   671305   0.337
   338    12050   673297   0.338
   339    12050   675289   0.339
   340    12050   677281   0.340
   341    12050   679273   0.341
   342    12050   681265   0.342
   343    12050   683257   0.343
   344    12050   685249   0.344
   345    12050   687241   0.345
   346    12050   689233   0.346
   347    12050   691225   0.347
   348    12050   693217   0.348
   349    12050   695209   0.349
   350    12050   697201   0.350
   351    12050   699193   0.351
   352    12050   701185   0.352
   353    12050   703177   0.353
   354    12050   705169   0.354
   355    12050   707161   0.355
   356    12050   709153   0.356
   357    12050   711145   0.357
   358    12050   713137   0.358
   359    12050   715129   0.359
   360    12050   717121   0.360
   361    12050   719113   0.361
   362    12050   721105   0.362
   363    12050   723097   0.363
   364    12050   725089   0.364
   365    12050   727081   0.365
   366    12050   729073   0.366
   367    12050   731065   0.367
   368    12050   733057   0.368
   369    12050   735049   0.369
   370    12050   737041   0.370
   371    12050   739033   0.371
   372    12050   741025   0.372
   373    12050   743017   0.373
   374    12050   745009   0.374
   375    12050   747001   0.375
   376    12050   748993   0.376
   377    12050   750985   0.377
   378    12050   752977   0.378
   379    12050   754969   0.379
   380    12050   756961   0.380
   381    12050   758953   0.381
   382    12050   760945   0.382
   383    12050   762937   0.383
   384    12050   764929   0.384
   385    12050   766921   0.385
   386    12050   768913   0.386
   387    12050   770905   0.387
   388    12050   772897   0.388
   389    12050   774889   0.389
   390    12050   776881   0.390
   391    12050   778873   0.391
   392    12050   780865   0.392
   393    12050   782857   0.393
   394    12050   784849   0.394
   395    12050   786841   0.395
   396    12050   788833   0.396
   397    12050   790825   0.397
   398    12050   792817   0.398
   399    12050   794809   0.399
   400    12050   796801   0.400
   401    12050   798793   0.401
   402    12050   800785   0.402
   403    12050   802777   0.403
   404    12050   804769   0.404
   405    12050   806761   0.405
   406    12050   808753   0.406
   407    12050   810745   0.407
   408    12050   812737   0.408
   409    12050   814729   0.409
   410    12050   816721   0.410
   411    12050   818713   0.411
   412    12050   820705   0.412
   413    12050   822697   0.413
   414    12050   824689   0.414
   415    12050   826681   0.415
   416    12050   828673   0.416
   417    12050   830665   0.417
   418    12050   832657   0.418
   419    12050   834649   0.419
   420    12050   836641   0.420
   421    12050   838633   0.421
   422    12050   840625   0.422
   423    12050   842617   0.423
   424    12050   844609   0.424
   425    12050   846601   0.425
   426    12050   848593   0.426
   427    12050   850585   0.427
   428    12050   852577   0.428
   429    12050   854569   0.429
   430    12050   856561   0.430
   431    12050   858553   0.431
   432    12050   860545   0.432
   433    12050   862537   0.433
   434    12050   864529   0.434
   435    12050   866521   0.435
   436    12050   868513   0.436
   437    12050   870505   0.437
   438    12050   872497   0.438
   439    12050   874489   0.439
   440    12050   876481   0.440
   441    12050   878473   0.441
   442    12050   880465   0.442
   443    12050   882457   0.443
   444    12050   884449   0.444
   445    12050   886441   0.445
   446    12050   888433   0.446
   447    12050   890425   0.447
   448    12050   892417   0.448
   449    12050   894409   0.449
   450    12050   896401   0.450
   451    12050   898393   0.451
   452    12050   900385   0.452
   453    12050   902377   0.453
   454    12050   904369   0.454
   455    12050   906361   0.455
   456    12050   908353   0.456
   457    12050   910345   0.457
   458    12050   912337   0.458
   459    12050   914329   0.459
   460    12050   916321   0.460
   461    12050   918313   0.461
   462    12050   920305   0.462
   463    12050   922297   0.463
   464    12050   924289   0.464
   465    12050   926281   0.465
   466    12050   928273   0.466
   467    12050   930265   0.467
   468    12050   932257   0.468
   469    12050   934249   0.469
   470    12050   936241   0.470
   471    12050   938233   0.471
   472    12050   940225   0.472
   473    12050   942217   0.473
   474    12050   944209   0.474
   475    12050   946201   0.475
   476    12050   948193   0.476
   477    12050   950185   0.477
   478    12050   952177   0.478
   479    12050   954169   0.479
   480    12050   956161   0.480
   481    12050   958153   0.481
   482    12050   960145   0.482
   483    12050   962137   0.483
   484    12050   964129   0.484
   485    12050   966121   0.485
   486    12050   968113   0.486
   487    12050   970105   0.487
   488    12050   972097   0.488
   489    12050   974089   0.489
   490    12050   976081   0.490
   491    12050   978073   0.491
   492    12050   980065   0.492
   493    12050   982057   0.493
   494    12050   984049   0.494
   495    12050   986041   0.495
   496    12050   988033   0.496
   497    12050   990025   0.497
   498    12050   992017   0.498
   499    12050   994009   0.499
   500    12050   996001   0.500
   501    12050   997993   0.501
   502    12050   999985   0.502
   503    12050  1001977   0.503
   504    12050  1003969   0.504
   505    12050  1005961   0.505
   506    12050  1007953   0.506
   507    12050  1009945   0.507
   508    12050  1011937   0.508
   509    12050  1013929   0.509
   510    12050  1015921   0.510
   511    12050  1017913   0.511
   512    12050  1019905   0.512
   513    12050  1021897   0.513
   514    12050  1023889   0.514
   515    12050  1025881   0.515
   516    12050  1027873   0.516
   517    12050  1029865   0.517
   518    12050  1031857   0.518
   519    12050  1033849   0.519
   520    12050  1035841   0.520
   521    12050  1037833   0.521
   522    12050  1039825   0.522
   523    12050  1041817   0.523
   524    12050  1043809   0.524
   525    12050  1045801   0.525
   526    12050  1047793   0.526
   527    12050  1049785   0.527
   528    12050  1051777   0.528
   529    12050  1053769   0.529
   530    12050  1055761   0.530
   531    12050  1057753   0.531
   532    12050  1059745   0.532
   533    12050  1061737   0.533
   534    12050  1063729   0.534
   535    12050  1065721   0.535
   536    12050  1067713   0.536
   537    12050  1069705   0.537
   538    12050  1071697   0.538
   539    12050  1073689   0.539
   540    12050  1075681   0.540
   541    12050  1077673   0.541
   542    12050  1079665   0.542
   543    12050  1081657   0.543
   544    12050  1083649   0.544
   545    12050  1085641   0.545
   546    12050  1087633   0.546
   547    12050  1089625   0.547
   548    12050  1091617   0.548
   549    12050  1093609   0.549
   550    12050  1095601   0.550
   551    12050  1097593   0.551
   552    12050  1099585   0.552
   553    12050  1101577   0.553
   554    12050  1103569   0.554
   555    12050  1105561   0.555
   556    12050  1107553   0.556
   557    12050  1109545   0.557
   558    12050  1111537   0.558
   559    12050  1113529   0.559
   560    12050  1115521   0.560
   561    12050  1117513   0.561
   562    12050  1119505   0.562
   563    12050  1121497   0.563
   564    12050  1123489   0.564
   565    12050  1125481   0.565
   566    12050  1127473   0.566
   567    12050  1129465   0.567
   568    12050  1131457   0.568
   569    12050  1133449   0.569
   570    12050  1135441   0.570
   571    12050  1137433   0.571
   572    12050  1139425   0.572
   573    12050  1141417   0.573
   574    12050  1143409   0.574
   575    12050  1145401   0.575
   576    12050  1147393   0.576
   577    12050  1149385   0.577
   578    12050  1151377   0.578
   579    12050  1153369   0.579
   580    12050  1155361   0.580
   581    12050  1157353   0.581
   582    12050  1159345   0.582
   583    12050  1161337   0.583
   584    12050  1163329   0.584
   585    12050  1165321   0.585
   586    12050  1167313   0.586
   587    12050  1169305   0.587
   588    12050  1171297   0.588
   589    12050  1173289   0.589
   590    12050  1175281   0.590
   591    12050  1177273   0.591
   592    12050  1179265   0.592
   593    12050  1181257   0.593
   594    12050  1183249   0.594
   595    12050  1185241   0.595
   596    12050  1187233   0.596
   597    12050  1189225   0.597
   598    12050  1191217   0.598
   599    12050  1193209   0.599
   600    12050  1195201   0.600
   601    12050  1197193   0.601
   602    12050  1199185   0.602
   603    12050  1201177   0.603
   604    12050  1203169   0.604
   605    12050  1205161   0.605
   606    12050  1207153   0.606
   607    12050  1209145   0.607
   608    12050  1211137   0.608
   609    12050  1213129   0.609
   610    12050  1215121   0.610
   611    12050  1217113   0.611
   612    12050  1219105   0.612
   613    12050  1221097   0.613
   614    12050  1223089   0.614
   615    12050  1225081   0.615
   616    12050  1227073   0.616
   617    12050  1229065   0.617
   618    12050  1231057   0.618
   619    12050  1233049   0.619
   620    12050  1235041   0.620
   621    12050  1237033   0.621
   622    12050  1239025   0.622
   623    12050  1241017   0.623
   624    12050  1243009   0.624
   625    12050  1245001   0.625
   626    12050  1246993   0.626
   627    12050  1248985   0.627
   628    12050  1250977   0.628
   629    12050  1252969   0.629
   630    12050  1254961   0.630
   631    12050  1256953   0.631
   632    12050  1258945   0.632
   633    12050  1260937   0.633
   634    12050  1262929   0.634
   635    12050  1264921   0.635
   636    12050  1266913   0.636
   637    12050  1268905   0.637
   638    12050  1270897   0.638
   639    12050  1272889   0.639
   640    12050  1274881   0.640
   641    12050  1276873   0.641
   642    12050  1278865   0.642
   643    12050  1280857   0.643
   644    12050  1282849   0.644
   645    12050  1284841   0.645
   646    12050  1286833   0.646
   647    12050  1288825   0.647
   648    12050  1290817   0.648
   649    12050  1292809   0.649
   650    12050  1294801   0.650
   651    12050  1296793   0.651
   652    12050  1298785   0.652
   653    12050  1300777   0.653
   654    12050  1302769   0.654
   655    12050  1304761   0.655
   656    12050  1306753   0.656
   657    12050  1308745   0.657
   658    12050  1310737   0.658
   659    12050  1312729   0.659
   660    12050  1314721   0.660
   661    12050  1316713   0.661
   662    12050  1318705   0.662
   663    12050  1320697   0.663
   664    12050  1322689   0.664
   665    12050  1324681   0.665
   666    12050  1326673   0.666
   667    12050  1328665   0.667
   668    12050  1330657   0.668
   669    12050  1332649   0.669
   670    12050  1334641   0.670
   671    12050  1336633   0.671
   672    12050  1338625   0.672
   673    12050  1340617   0.673
   674    12050  1342609   0.674
   675    12050  1344601   0.675
   676    12050  1346593   0.676
   677    12050  1348585   0.677
   678    12050  1350577   0.678
   679    12050  1352569   0.679
   680    12050  1354561   0.680
   681    12050  1356553   0.681
   682    12050  1358545   0.682
   683    12050  1360537   0.683
   684    12050  1362529   0.684
   685    12050  1364521   0.685
   686    12050  1366513   0.686
   687    12050  1368505   0.687
   688    12050  1370497   0.688
   689    12050  1372489   0.689
   690    12050  1374481   0.690
   691    12050  1376473   0.691
   692    12050  1378465   0.692
   693    12050  1380457   0.693
   694    12050  1382449   0.694
   695    12050  1384441   0.695
   696    12050  1386433   0.696
   697    12050  1388425   0.697
   698    12050  1390417   0.698
   699    12050  1392409   0.699
   700    12050  1394401   0.700
   701    12050  1396393   0.701
   702    12050  1398385   0.702
   703    12050  1400377   0.703
   704    12050  1402369   0.704
   705    12050  1404361   0.705
   706    12050  1406353   0.706
   707    12050  1408345   0.707
   708    12050  1410337   0.708
   709    12050  1412329   0.709
   710    12050  1414321   0.710
   711    12050  1416313   0.711
   712    12050  1418305   0.712
   713    12050  1420297   0.713
   714    12050  1422289   0.714
   715    12050  1424281   0.715
   716    12050  1426273   0.716
   717    12050  1428265   0.717
   718    12050  1430257   0.718
   719    12050  1432249   0.719
   720    12050  1434241   0.720
   721    12050  1436233   0.721
   722    12050  1438225   0.722
   723    12050  1440217   0.723
   724    12050  1442209   0.724
   725    12050  1444201   0.725
   726    12050  1446193   0.726
   727    12050  1448185   0.727
   728    12050  1450177   0.728
   729    12050  1452169   0.729
   730    12050  1454161   0.730
   731    12050  1456153   0.731
   732    12050  1458145   0.732
   733    12050  1460137   0.733
   734    12050  1462129   0.734
   735    12050  1464121   0.735
   736    12050  1466113   0.736
   737    12050  1468105   0.737
   738    12050  1470097   0.738
   739    12050  1472089   0.739
   740    12050  1474081   0.740
   741    12050  1476073   0.741
   742    12050  1478065   0.742
   743    12050  1480057   0.743
   744    12050  1482049   0.744
   745    12050  1484041   0.745
   746    12050  1486033   0.746
   747    12050  1488025   0.747
   748    12050  1490017   0.748
   749    12050  1492009   0.749
   750    12050  1494001   0.750
   751    12050  1495993   0.751
   752    12050  1497985   0.752
   753    12050  1499977   0.753
   754    12050  1501969   0.754
   755    12050  1503961   0.755
   756    12050  1505953   0.756
   757    12050  1507945   0.757
   758    12050  1509937   0.758
   759    12050  1511929   0.759
   760    12050  1513921   0.760
   761    12050  1515913   0.761
   762    12050  1517905   0.762
   763    12050  1519897   0.763
   764    12050  1521889   0.764
   765    12050  1523881   0.765
   766    12050  1525873   0.766
   767    12050  1527865   0.767
   768    12050  1529857   0.768
   769    12050  1531849   0.769
   770    12050  1533841   0.770
   771    12050  1535833   0.771
   772    12050  1537825   0.772
   773    12050  1539817   0.773
   774    12050  1541809   0.774
   775    12050  1543801   0.775
   776    12050  1545793   0.776
   777    12050  1547785   0.777
   778    12050  1549777   0.778
   779    12050  1551769   0.779
   780    12050  1553761   0.780
   781    12050  1555753   0.781
   782    12050  1557745   0.782
   783    12050  1559737   0.783
   784    12050  1561729   0.784
   785    12050  1563721   0.785
   786    12050  1565713   0.786
   787    12050  1567705   0.787
   788    12050  1569697   0.788
   789    12050  1571689   0.789
   790    12050  1573681   0.790
   791    12050  1575673   0.791
   792    12050  1577665   0.792
   793    12050  1579657   0.793
   794    12050  1581649   0.794
   795    12050  1583641   0.795
   796    12050  1585633   0.796
   797    12050  1587625   0.797
   798    12050  1589617   0.798
   799    12050  1591609   0.799
   800    12050  1593601   0.800
   801    12050  1595593   0.801
   802    12050  1597585   0.802
   803    12050  1599577   0.803
   804    12050  1601569   0.804
   805    12050  1603561   0.805
   806    12050  1605553   0.806
   807    12050  1607545   0.807
   808    12050  1609537   0.808
   809    12050  1611529   0.809
   810    12050  1613521   0.810
   811    12050  1615513   0.811
   812    12050  1617505   0.812
   813    12050  1619497   0.813
   814    12050  1621489   0.814
   815    12050  1623481   0.815
   816    12050  1625473   0.816
   817    12050  1627465   0.817
   818    12050  1629457   0.818
   819    12050  1631449   0.819
   820    12050  1633441   0.820
   821    12050  1635433   0.821
   822    12050  1637425   0.822
   823    12050  1639417   0.823
   824    12050  1641409   0.824
   825    12050  1643401   0.825
   826    12050  1645393   0.826
   827    12050  1647385   0.827
   828    12050  1649377   0.828
   829    12050  1651369   0.829
   830    12050  1653361   0.830
   831    12050  1655353   0.831
   832    12050  1657345   0.832
   833    12050  1659337   0.833
   834    12050  1661329   0.834
   835    12050  1663321   0.835
   836    12050  1665313   0.836
   837    12050  1667305   0.837
   838    12050  1669297   0.838
   839    12050  1671289   0.839
   840    12050  1673281   0.840
   841    12050  1675273   0.841
   842    12050  1677265   0.842
   843    12050  1679257   0.843
   844    12050  1681249   0.844
   845    12050  1683241   0.845
   846    12050  1685233   0.846
   847    12050  1687225   0.847
   848    12050  1689217   0.848
   849    12050  1691209   0.849
   850    12050  1693201   0.850
   851    12050  1695193   0.851
   852    12050  1697185   0.852
   853    12050  1699177   0.853
   854    12050  1701169   0.854
   855    12050  1703161   0.855
   856    12050  1705153   0.856
   857    12050  1707145   0.857
   858    12050  1709137   0.858
   859    12050  1711129   0.859
   860    12050  1713121   0.860
   861    12050  1715113   0.861
   862    12050  1717105   0.862
   863    12050  1719097   0.863
   864    12050  1721089   0.864
   865    12050  1723081   0.865
   866    12050  1725073   0.866
   867    12050  1727065   0.867
   868    12050  1729057   0.868
   869    12050  1731049   0.869
   870    12050  1733041   0.870
   871    12050  1735033   0.871
   872    12050  1737025   0.872
   873    12050  1739017   0.873
   874    12050  1741009   0.874
   875    12050  1743001   0.875
   876    12050  1744993   0.876
   877    12050  1746985   0.877
   878    12050  1748977   0.878
   879    12050  1750969   0.879
   880    12050  1752961   0.880
   881    12050  1754953   0.881
   882    12050  1756945   0.882
   883    12050  1758937   0.883
   884    12050  1760929   0.884
   885    12050  1762921   0.885
   886    12050  1764913   0.886
   887    12050  1766905   0.887
   888    12050  1768897   0.888
   889    12050  1770889   0.889
   890    12050  1772881   0.890
   891    12050  1774873   0.891
   892    12050  1776865   0.892
   893    12050  1778857   0.893
   894    12050  1780849   0.894
   895    12050  1782841   0.895
   896    12050  1784833   0.896
   897    12050  1786825   0.897
   898    12050  1788817   0.898
   899    12050  1790809   0.899
   900    12050  1792801   0.900
   901    12050  1794793   0.901
   902    12050  1796785   0.902
   903    12050  1798777   0.903
   904    12050  1800769   0.904
   905    12050  1802761   0.905
   906    12050  1804753   0.906
   907    12050  1806745   0.907
   908    12050  1808737   0.908
   909    12050  1810729   0.909
   910    12050  1812721   0.910
   911    12050  1814713   0.911
   912    12050  1816705   0.912
   913    12050  1818697   0.913
   914    12050  1820689   0.914
   915    12050  1822681   0.915
   916    12050  1824673   0.916
   917    12050  1826665   0.917
   918    12050  1828657   0.918
   919    12050  1830649   0.919
   920    12050  1832641   0.920
   921    12050  1834633   0.921
   922    12050  1836625   0.922
   923    12050  1838617   0.923
   924    12050  1840609   0.924
   925    12050  1842601   0.925
   926    12050  1844593   0.926
   927    12050  1846585   0.927
   928    12050  1848577   0.928
   929    12050  1850569   0.929
   930    12050  1852561   0.930
   931    12050  1854553   0.931
   932    12050  1856545   0.932
   933    12050  1858537   0.933
   934    12050  1860529   0.934
   935    12050  1862521   0.935
   936    12050  1864513   0.936
   937    12050  1866505   0.937
   938    12050  1868497   0.938
   939    12050  1870489   0.939
   940    12050  1872481   0.940
   941    12050  1874473   0.941
   942    12050  1876465   0.942
   943    12050  1878457   0.943
   944    12050  1880449   0.944
   945    12050  1882441   0.945
   946    12050  1884433   0.946
   947    12050  1886425   0.947
   948    12050  1888417   0.948
   949    12050  1890409   0.949
   950    12050  1892401   0.950
   951    12050  1894393   0.951
   952    12050  1896385   0.952
   953    12050  1898377   0.953
   954    12050  1900369   0.954
   955    12050  1902361   0.955
   956    12050  1904353   0.956
   957    12050  1906345   0.957
   958    12050  1908337   0.958
   959    12050  1910329   0.959
   960    12050  1912321   0.960
   961    12050  1914313   0.961
   962    12050  1916305   0.962
   963    12050  1918297   0.963
   964    12050  1920289   0.964
   965    12050  1922281   0.965
