      1000  0.24E-04  0.45E-04  0.49E-04
      2000  0.49E-04  0.42E-05  0.55E-04
      3000  0.57E-04  0.46E-05  0.55E-04
      4000  0.46E-04  0.17E-05  0.15E-04
      5000  0.25E-04  0.19E-05  0.22E-04
      6000  0.47E-05  0.17E-05  0.22E-04
      7000 -0.77E-05  0.10E-05  0.17E-04
      8000 -0.72E-05  0.14E-05  0.14E-04
      9000 -0.26E-05  0.24E-05  0.22E-04
     10000  0.18E-05  0.29E-05  0.23E-04
     11000  0.34E-05  0.28E-05  0.22E-04
     12000  0.22E-05  0.26E-05  0.18E-04
     13000  0.75E-06  0.27E-05  0.17E-04
     14000 -0.18E-05  0.27E-05  0.17E-04
     15000 -0.45E-05  0.24E-05  0.14E-04
     16000 -0.52E-05  0.31E-05  0.17E-04
     17000 -0.46E-05  0.37E-05  0.19E-04
     18000 -0.39E-05  0.41E-05  0.21E-04
     19000 -0.30E-05  0.45E-05  0.22E-04
     20000 -0.19E-05  0.50E-05  0.22E-04
     21000 -0.11E-05  0.51E-05  0.23E-04
     22000 -0.69E-06  0.52E-05  0.22E-04
     23000 -0.56E-06  0.53E-05  0.21E-04
     24000 -0.40E-06  0.56E-05  0.23E-04
     25000 -0.19E-06  0.55E-05  0.23E-04
     26000 -0.33E-07  0.55E-05  0.24E-04
     27000  0.36E-06  0.58E-05  0.25E-04
     28000  0.45E-06  0.61E-05  0.25E-04
     29000  0.44E-06  0.64E-05  0.26E-04
     30000  0.25E-06  0.68E-05  0.26E-04
     31000  0.10E-06  0.72E-05  0.27E-04
     32000 -0.12E-06  0.74E-05  0.27E-04
     33000 -0.50E-06  0.78E-05  0.27E-04
     34000 -0.68E-06  0.85E-05  0.29E-04
     35000 -0.85E-06  0.89E-05  0.29E-04
     36000 -0.11E-05  0.93E-05  0.30E-04
     37000 -0.17E-05  0.92E-05  0.30E-04
     38000 -0.24E-05  0.90E-05  0.28E-04
     39000 -0.33E-05  0.91E-05  0.28E-04
     40000  0.24E-04  0.47E-04  0.65E-04
     41000  0.28E-04  0.29E-05  0.74E-05
     42000  0.30E-04  0.40E-06  0.59E-05
     43000  0.32E-04  0.17E-06  0.41E-05
     44000  0.32E-04  0.57E-06  0.30E-05
     45000  0.25E-04  0.18E-06  0.77E-05
     46000  0.20E-04  0.13E-06  0.71E-05
     47000  0.16E-04  0.12E-06  0.58E-05
     48000  0.13E-04  0.12E-06  0.51E-05
     49000  0.12E-04  0.19E-06  0.42E-05
     50000  0.12E-04  0.11E-06  0.32E-05
     51000  0.12E-04  0.92E-07  0.32E-05
     52000  0.12E-04  0.88E-07  0.27E-05
     53000  0.11E-04  0.10E-06  0.21E-05
     54000  0.11E-04  0.13E-06  0.18E-05
     55000  0.10E-04  0.41E-06  0.16E-05
     56000  0.95E-05  0.85E-07  0.14E-05
     57000  0.89E-05  0.67E-07  0.14E-05
     58000  0.83E-05  0.19E-06  0.12E-05
     59000  0.78E-05  0.62E-07  0.11E-05
     60000  0.73E-05  0.54E-07  0.95E-06
     61000  0.68E-05  0.49E-07  0.96E-06
     62000  0.65E-05  0.66E-07  0.97E-06
     63000  0.64E-05  0.45E-07  0.98E-06
     64000  0.63E-05  0.40E-06  0.10E-05
     65000  0.61E-05  0.59E-07  0.98E-06
     66000  0.58E-05  0.82E-07  0.98E-06
     67000  0.56E-05  0.78E-07  0.97E-06
     68000  0.55E-05  0.18E-06  0.10E-05
     69000  0.55E-05  0.57E-07  0.10E-05
     70000  0.54E-05  0.67E-07  0.99E-06
     71000  0.53E-05  0.32E-07  0.99E-06
     72000  0.52E-05  0.60E-07  0.11E-05
     73000  0.52E-05  0.67E-07  0.11E-05
     74000  0.52E-05  0.32E-06  0.12E-05
     75000  0.53E-05  0.67E-07  0.13E-05
     76000  0.53E-05  0.49E-07  0.14E-05
     77000  0.52E-05  0.61E-07  0.14E-05
     78000  0.51E-05  0.53E-07  0.15E-05
     79000  0.50E-05  0.67E-07  0.16E-05
     80000 -0.14E-02  0.17E-04  0.19E-04
     81000 -0.13E-02  0.28E-05  0.45E-04
     82000 -0.13E-02  0.30E-05  0.46E-04
     83000 -0.13E-02  0.41E-05  0.42E-04
     84000 -0.13E-02  0.42E-05  0.40E-04
     85000 -0.13E-02  0.34E-05  0.36E-04
     86000 -0.13E-02  0.33E-05  0.37E-04
     87000 -0.14E-02  0.23E-05  0.29E-04
     88000 -0.14E-02  0.13E-05  0.17E-04
     89000 -0.14E-02  0.72E-06  0.10E-04
     90000 -0.14E-02  0.45E-06  0.68E-05
     91000 -0.14E-02  0.30E-06  0.51E-05
     92000 -0.14E-02  0.22E-06  0.39E-05
     93000 -0.14E-02  0.19E-06  0.32E-05
     94000 -0.14E-02  0.18E-06  0.30E-05
     95000 -0.14E-02  0.17E-06  0.29E-05
     96000 -0.14E-02  0.14E-06  0.27E-05
     97000 -0.14E-02  0.13E-06  0.24E-05
     98000 -0.14E-02  0.42E-06  0.23E-05
     99000 -0.14E-02  0.11E-06  0.21E-05
    100000 -0.14E-02  0.11E-06  0.20E-05
    101000 -0.14E-02  0.91E-07  0.18E-05
    102000 -0.14E-02  0.97E-07  0.17E-05
    103000 -0.14E-02  0.86E-07  0.16E-05
    104000 -0.14E-02  0.84E-07  0.17E-05
    105000 -0.14E-02  0.85E-07  0.19E-05
    106000 -0.14E-02  0.76E-07  0.20E-05
    107000 -0.14E-02  0.85E-07  0.21E-05
    108000 -0.14E-02  0.11E-06  0.22E-05
    109000 -0.14E-02  0.11E-06  0.23E-05
    110000 -0.14E-02  0.12E-06  0.25E-05
    111000 -0.14E-02  0.13E-06  0.27E-05
    112000 -0.14E-02  0.14E-06  0.28E-05
    113000 -0.14E-02  0.16E-06  0.29E-05
    114000 -0.14E-02  0.17E-06  0.31E-05
    115000 -0.14E-02  0.19E-06  0.33E-05
    116000 -0.14E-02  0.21E-06  0.36E-05
    117000 -0.14E-02  0.24E-06  0.38E-05
    118000 -0.14E-02  0.26E-06  0.41E-05
    119000 -0.14E-02  0.29E-06  0.44E-05
    120000 -0.23E-02  0.14E-04  0.19E-04
    121000 -0.23E-02  0.19E-05  0.30E-04
    122000 -0.23E-02  0.14E-05  0.30E-04
    123000 -0.23E-02  0.18E-05  0.27E-04
    124000 -0.23E-02  0.17E-05  0.24E-04
    125000 -0.23E-02  0.16E-05  0.27E-04
    126000 -0.23E-02  0.16E-05  0.25E-04
    127000 -0.23E-02  0.88E-06  0.18E-04
    128000 -0.23E-02  0.47E-06  0.14E-04
    129000 -0.23E-02  0.20E-06  0.85E-05
    130000 -0.23E-02  0.10E-06  0.36E-05
    131000 -0.23E-02  0.75E-07  0.31E-05
    132000 -0.23E-02  0.55E-07  0.26E-05
    133000 -0.23E-02  0.88E-07  0.23E-05
    134000 -0.23E-02  0.39E-07  0.22E-05
    135000 -0.23E-02  0.25E-07  0.20E-05
    136000 -0.23E-02  0.21E-07  0.19E-05
    137000 -0.23E-02  0.19E-07  0.18E-05
    138000 -0.23E-02  0.14E-05  0.31E-05
    139000 -0.23E-02  0.17E-06  0.14E-05
    140000 -0.23E-02  0.87E-07  0.15E-05
    141000 -0.23E-02  0.57E-07  0.16E-05
    142000 -0.23E-02  0.12E-06  0.16E-05
    143000 -0.23E-02  0.40E-06  0.14E-05
    144000 -0.23E-02  0.33E-07  0.14E-05
    145000 -0.23E-02  0.57E-07  0.13E-05
    146000 -0.23E-02  0.72E-07  0.12E-05
    147000 -0.23E-02  0.34E-07  0.12E-05
    148000 -0.23E-02  0.35E-07  0.13E-05
    149000 -0.23E-02  0.55E-07  0.14E-05
    150000 -0.23E-02  0.54E-07  0.16E-05
    151000 -0.23E-02  0.51E-07  0.17E-05
    152000 -0.23E-02  0.57E-07  0.18E-05
    153000 -0.23E-02  0.62E-07  0.19E-05
    154000 -0.23E-02  0.68E-07  0.20E-05
    155000 -0.23E-02  0.76E-07  0.21E-05
    156000 -0.23E-02  0.84E-07  0.22E-05
    157000 -0.23E-02  0.95E-07  0.23E-05
    158000 -0.23E-02  0.11E-06  0.25E-05
    159000 -0.23E-02  0.12E-06  0.27E-05
    160000 -0.35E-02  0.14E-04  0.19E-04
    161000 -0.35E-02  0.17E-05  0.34E-04
    162000 -0.34E-02  0.19E-05  0.34E-04
    163000 -0.34E-02  0.22E-05  0.30E-04
    164000 -0.34E-02  0.17E-05  0.21E-04
    165000 -0.35E-02  0.17E-05  0.26E-04
    166000 -0.35E-02  0.16E-05  0.25E-04
    167000 -0.35E-02  0.10E-05  0.17E-04
    168000 -0.35E-02  0.54E-06  0.11E-04
    169000 -0.35E-02  0.31E-06  0.73E-05
    170000 -0.35E-02  0.13E-06  0.34E-05
    171000 -0.35E-02  0.95E-07  0.27E-05
    172000 -0.35E-02  0.83E-07  0.24E-05
    173000 -0.35E-02  0.76E-07  0.22E-05
    174000 -0.35E-02  0.75E-07  0.22E-05
    175000 -0.35E-02  0.63E-07  0.20E-05
    176000 -0.35E-02  0.61E-07  0.18E-05
    177000 -0.35E-02  0.63E-07  0.17E-05
    178000 -0.35E-02  0.61E-07  0.16E-05
    179000 -0.35E-02  0.77E-07  0.15E-05
    180000 -0.35E-02  0.51E-07  0.13E-05
    181000 -0.35E-02  0.47E-07  0.12E-05
    182000 -0.35E-02  0.42E-06  0.11E-05
    183000 -0.35E-02  0.37E-07  0.97E-06
    184000 -0.35E-02  0.49E-07  0.10E-05
    185000 -0.35E-02  0.58E-07  0.11E-05
    186000 -0.35E-02  0.65E-07  0.11E-05
    187000 -0.35E-02  0.68E-07  0.11E-05
    188000 -0.35E-02  0.58E-07  0.11E-05
    189000 -0.35E-02  0.65E-07  0.12E-05
    190000 -0.35E-02  0.63E-07  0.13E-05
    191000 -0.35E-02  0.64E-07  0.13E-05
    192000 -0.35E-02  0.76E-07  0.14E-05
    193000 -0.35E-02  0.12E-06  0.14E-05
    194000 -0.35E-02  0.89E-07  0.16E-05
    195000 -0.35E-02  0.75E-07  0.18E-05
    196000 -0.35E-02  0.75E-07  0.18E-05
    197000 -0.35E-02  0.81E-07  0.20E-05
    198000 -0.35E-02  0.87E-07  0.21E-05
    199000 -0.35E-02  0.39E-06  0.23E-05
    200000 -0.43E-02  0.14E-04  0.26E-04
    201000 -0.43E-02  0.16E-05  0.37E-04
    202000 -0.42E-02  0.26E-05  0.37E-04
    203000 -0.42E-02  0.30E-05  0.36E-04
    204000 -0.42E-02  0.18E-05  0.22E-04
    205000 -0.43E-02  0.20E-05  0.26E-04
    206000 -0.43E-02  0.16E-05  0.23E-04
    207000 -0.43E-02  0.14E-05  0.20E-04
    208000 -0.43E-02  0.78E-06  0.15E-04
    209000 -0.43E-02  0.40E-06  0.91E-05
    210000 -0.43E-02  0.18E-06  0.52E-05
    211000 -0.43E-02  0.13E-06  0.41E-05
    212000 -0.43E-02  0.11E-06  0.34E-05
    213000 -0.43E-02  0.11E-06  0.33E-05
    214000 -0.43E-02  0.10E-06  0.32E-05
    215000 -0.43E-02  0.89E-07  0.29E-05
    216000 -0.43E-02  0.79E-07  0.25E-05
    217000 -0.43E-02  0.95E-07  0.23E-05
    218000 -0.43E-02  0.95E-07  0.20E-05
    219000 -0.43E-02  0.91E-07  0.18E-05
    220000 -0.43E-02  0.91E-07  0.17E-05
    221000 -0.43E-02  0.87E-07  0.15E-05
    222000 -0.43E-02  0.35E-06  0.14E-05
    223000 -0.43E-02  0.11E-06  0.13E-05
    224000 -0.43E-02  0.92E-07  0.12E-05
    225000 -0.43E-02  0.82E-07  0.11E-05
    226000 -0.43E-02  0.80E-07  0.10E-05
    227000 -0.43E-02  0.96E-07  0.10E-05
    228000 -0.43E-02  0.10E-06  0.94E-06
    229000 -0.43E-02  0.89E-07  0.94E-06
    230000 -0.43E-02  0.73E-07  0.99E-06
    231000 -0.43E-02  0.67E-07  0.11E-05
    232000 -0.43E-02  0.98E-07  0.12E-05
    233000 -0.43E-02  0.94E-07  0.12E-05
    234000 -0.43E-02  0.89E-07  0.13E-05
    235000 -0.43E-02  0.90E-07  0.13E-05
    236000 -0.43E-02  0.14E-06  0.13E-05
    237000 -0.43E-02  0.79E-07  0.15E-05
    238000 -0.43E-02  0.99E-07  0.16E-05
    239000 -0.51E-02  0.14E-04  0.19E-04
    240000 -0.51E-02  0.37E-05  0.30E-04
    241000 -0.51E-02  0.16E-05  0.36E-04
    242000 -0.51E-02  0.24E-05  0.35E-04
    243000 -0.51E-02  0.26E-05  0.33E-04
    244000 -0.51E-02  0.20E-05  0.29E-04
    245000 -0.51E-02  0.22E-05  0.31E-04
    246000 -0.51E-02  0.17E-05  0.25E-04
    247000 -0.51E-02  0.86E-06  0.16E-04
    248000 -0.51E-02  0.45E-06  0.11E-04
    249000 -0.51E-02  0.16E-06  0.39E-05
    250000 -0.51E-02  0.11E-06  0.26E-05
    251000 -0.51E-02  0.96E-07  0.26E-05
    252000 -0.51E-02  0.90E-07  0.25E-05
    253000 -0.51E-02  0.72E-07  0.25E-05
    254000 -0.51E-02  0.71E-07  0.22E-05
    255000 -0.51E-02  0.68E-07  0.20E-05
    256000 -0.51E-02  0.47E-07  0.18E-05
    257000 -0.51E-02  0.42E-07  0.16E-05
    258000 -0.51E-02  0.54E-07  0.13E-05
    259000 -0.51E-02  0.45E-07  0.11E-05
    260000 -0.51E-02  0.46E-07  0.95E-06
    261000 -0.51E-02  0.27E-07  0.83E-06
    262000 -0.51E-02  0.20E-07  0.77E-06
    263000 -0.51E-02  0.18E-07  0.78E-06
    264000 -0.51E-02  0.17E-07  0.77E-06
    265000 -0.51E-02  0.34E-06  0.79E-06
    266000 -0.51E-02  0.20E-07  0.45E-06
    267000 -0.51E-02  0.15E-07  0.46E-06
    268000 -0.51E-02  0.25E-07  0.46E-06
    269000 -0.51E-02  0.21E-07  0.47E-06
    270000 -0.51E-02  0.16E-07  0.47E-06
    271000 -0.51E-02  0.12E-07  0.48E-06
    272000 -0.51E-02  0.88E-08  0.49E-06
    273000 -0.51E-02  0.13E-07  0.50E-06
    274000 -0.51E-02  0.19E-07  0.51E-06
    275000 -0.51E-02  0.94E-07  0.55E-06
    276000 -0.51E-02  0.37E-07  0.54E-06
    277000 -0.51E-02  0.56E-07  0.56E-06
    278000 -0.51E-02  0.15E-07  0.55E-06
    279000 -0.61E-02  0.14E-04  0.23E-04
    280000 -0.61E-02  0.29E-05  0.37E-04
    281000 -0.61E-02  0.23E-05  0.41E-04
    282000 -0.61E-02  0.33E-05  0.39E-04
    283000 -0.61E-02  0.34E-05  0.38E-04
    284000 -0.61E-02  0.26E-05  0.33E-04
    285000 -0.61E-02  0.26E-05  0.33E-04
    286000 -0.61E-02  0.18E-05  0.25E-04
    287000 -0.61E-02  0.11E-05  0.17E-04
    288000 -0.61E-02  0.58E-06  0.12E-04
    289000 -0.61E-02  0.28E-06  0.61E-05
    290000 -0.61E-02  0.17E-06  0.42E-05
    291000 -0.61E-02  0.18E-06  0.37E-05
    292000 -0.61E-02  0.40E-06  0.30E-05
    293000 -0.61E-02  0.97E-07  0.27E-05
    294000 -0.61E-02  0.82E-07  0.26E-05
    295000 -0.61E-02  0.74E-07  0.24E-05
    296000 -0.61E-02  0.74E-07  0.22E-05
    297000 -0.61E-02  0.70E-07  0.21E-05
    298000 -0.61E-02  0.58E-07  0.19E-05
    299000 -0.61E-02  0.61E-07  0.18E-05
    300000 -0.61E-02  0.20E-06  0.16E-05
    301000 -0.61E-02  0.11E-06  0.14E-05
    302000 -0.61E-02  0.13E-06  0.14E-05
    303000 -0.61E-02  0.60E-07  0.13E-05
    304000 -0.61E-02  0.55E-07  0.11E-05
    305000 -0.61E-02  0.69E-07  0.99E-06
    306000 -0.61E-02  0.54E-07  0.92E-06
    307000 -0.61E-02  0.57E-07  0.82E-06
    308000 -0.61E-02  0.20E-06  0.91E-06
    309000 -0.61E-02  0.58E-07  0.88E-06
    310000 -0.61E-02  0.75E-07  0.92E-06
    311000 -0.61E-02  0.35E-06  0.88E-06
    312000 -0.61E-02  0.80E-07  0.54E-06
    313000 -0.61E-02  0.87E-07  0.55E-06
    314000 -0.61E-02  0.58E-07  0.58E-06
    315000 -0.61E-02  0.74E-07  0.57E-06
    316000 -0.61E-02  0.58E-07  0.53E-06
    317000 -0.61E-02  0.69E-07  0.58E-06
    318000 -0.61E-02  0.57E-07  0.54E-06
    319000 -0.67E-02  0.14E-04  0.24E-04
    320000 -0.67E-02  0.19E-05  0.34E-04
    321000 -0.67E-02  0.19E-05  0.35E-04
    322000 -0.67E-02  0.27E-05  0.34E-04
    323000 -0.67E-02  0.26E-05  0.31E-04
    324000 -0.67E-02  0.23E-05  0.33E-04
    325000 -0.67E-02  0.22E-05  0.32E-04
    326000 -0.67E-02  0.12E-05  0.19E-04
    327000 -0.67E-02  0.64E-06  0.13E-04
    328000 -0.67E-02  0.32E-06  0.85E-05
    329000 -0.67E-02  0.12E-06  0.31E-05
    330000 -0.67E-02  0.94E-07  0.28E-05
    331000 -0.67E-02  0.88E-07  0.27E-05
    332000 -0.67E-02  0.82E-07  0.27E-05
    333000 -0.67E-02  0.60E-07  0.22E-05
    334000 -0.67E-02  0.48E-07  0.19E-05
    335000 -0.67E-02  0.42E-07  0.19E-05
    336000 -0.67E-02  0.39E-07  0.17E-05
    337000 -0.67E-02  0.73E-07  0.13E-05
    338000 -0.67E-02  0.69E-07  0.11E-05
    339000 -0.67E-02  0.26E-07  0.91E-06
    340000 -0.67E-02  0.19E-07  0.87E-06
    341000 -0.67E-02  0.16E-07  0.88E-06
    342000 -0.67E-02  0.35E-06  0.89E-06
    343000 -0.67E-02  0.62E-07  0.63E-06
    344000 -0.67E-02  0.15E-07  0.56E-06
    345000 -0.67E-02  0.13E-07  0.57E-06
    346000 -0.67E-02  0.21E-06  0.98E-06
    347000 -0.67E-02  0.11E-07  0.93E-06
    348000 -0.67E-02  0.85E-08  0.93E-06
    349000 -0.67E-02  0.75E-08  0.93E-06
    350000 -0.67E-02  0.69E-08  0.94E-06
    351000 -0.67E-02  0.62E-08  0.94E-06
    352000 -0.67E-02  0.70E-08  0.94E-06
    353000 -0.67E-02  0.81E-08  0.94E-06
    354000 -0.67E-02  0.84E-08  0.96E-06
    355000 -0.67E-02  0.98E-08  0.10E-05
    356000 -0.67E-02  0.11E-07  0.11E-05
    357000 -0.67E-02  0.12E-07  0.12E-05
    358000 -0.67E-02  0.13E-07  0.13E-05
    359000 -0.76E-02  0.15E-04  0.24E-04
    360000 -0.76E-02  0.21E-05  0.39E-04
    361000 -0.76E-02  0.27E-05  0.41E-04
    362000 -0.75E-02  0.35E-05  0.39E-04
    363000 -0.75E-02  0.30E-05  0.30E-04
    364000 -0.76E-02  0.28E-05  0.35E-04
    365000 -0.76E-02  0.23E-05  0.31E-04
    366000 -0.76E-02  0.14E-05  0.19E-04
    367000 -0.76E-02  0.81E-06  0.14E-04
    368000 -0.76E-02  0.44E-06  0.92E-05
    369000 -0.76E-02  0.20E-06  0.46E-05
    370000 -0.76E-02  0.39E-06  0.41E-05
    371000 -0.76E-02  0.13E-06  0.36E-05
    372000 -0.76E-02  0.19E-06  0.31E-05
    373000 -0.76E-02  0.91E-07  0.27E-05
    374000 -0.76E-02  0.76E-07  0.25E-05
    375000 -0.76E-02  0.67E-07  0.23E-05
    376000 -0.76E-02  0.64E-07  0.21E-05
    377000 -0.76E-02  0.56E-07  0.19E-05
    378000 -0.76E-02  0.58E-07  0.18E-05
    379000 -0.76E-02  0.53E-07  0.16E-05
    380000 -0.76E-02  0.47E-07  0.14E-05
    381000 -0.76E-02  0.48E-07  0.13E-05
    382000 -0.76E-02  0.43E-07  0.12E-05
    383000 -0.76E-02  0.51E-07  0.11E-05
    384000 -0.76E-02  0.54E-07  0.12E-05
    385000 -0.76E-02  0.45E-07  0.12E-05
    386000 -0.76E-02  0.49E-07  0.12E-05
    387000 -0.76E-02  0.39E-06  0.14E-05
    388000 -0.76E-02  0.72E-07  0.70E-06
    389000 -0.76E-02  0.41E-07  0.68E-06
    390000 -0.76E-02  0.19E-06  0.68E-06
    391000 -0.76E-02  0.63E-07  0.68E-06
    392000 -0.76E-02  0.53E-07  0.66E-06
    393000 -0.76E-02  0.47E-07  0.66E-06
    394000 -0.76E-02  0.78E-07  0.71E-06
    395000 -0.76E-02  0.55E-07  0.67E-06
    396000 -0.76E-02  0.60E-07  0.74E-06
    397000 -0.76E-02  0.55E-07  0.77E-06
    398000 -0.76E-02  0.59E-07  0.82E-06
    399000 -0.81E-02  0.18E-04  0.25E-04
    400000 -0.81E-02  0.20E-05  0.39E-04
    401000 -0.81E-02  0.29E-05  0.40E-04
    402000 -0.80E-02  0.34E-05  0.39E-04
    403000 -0.81E-02  0.22E-05  0.26E-04
    404000 -0.81E-02  0.26E-05  0.33E-04
    405000 -0.81E-02  0.21E-05  0.28E-04
    406000 -0.81E-02  0.12E-05  0.18E-04
    407000 -0.81E-02  0.76E-06  0.14E-04
    408000 -0.81E-02  0.35E-06  0.79E-05
    409000 -0.81E-02  0.19E-06  0.46E-05
    410000 -0.81E-02  0.15E-06  0.41E-05
    411000 -0.81E-02  0.12E-06  0.35E-05
    412000 -0.81E-02  0.10E-06  0.31E-05
    413000 -0.81E-02  0.99E-07  0.28E-05
    414000 -0.81E-02  0.10E-06  0.25E-05
    415000 -0.81E-02  0.92E-07  0.22E-05
    416000 -0.81E-02  0.18E-06  0.20E-05
    417000 -0.81E-02  0.10E-06  0.19E-05
    418000 -0.81E-02  0.10E-06  0.17E-05
    419000 -0.81E-02  0.12E-06  0.16E-05
    420000 -0.81E-02  0.34E-06  0.13E-05
    421000 -0.81E-02  0.70E-07  0.11E-05
    422000 -0.81E-02  0.69E-07  0.10E-05
    423000 -0.81E-02  0.51E-07  0.96E-06
    424000 -0.81E-02  0.53E-07  0.91E-06
    425000 -0.81E-02  0.64E-07  0.91E-06
    426000 -0.81E-02  0.94E-07  0.93E-06
    427000 -0.81E-02  0.55E-07  0.92E-06
    428000 -0.81E-02  0.68E-07  0.92E-06
    429000 -0.81E-02  0.64E-07  0.91E-06
    430000 -0.81E-02  0.50E-07  0.91E-06
    431000 -0.81E-02  0.69E-07  0.92E-06
    432000 -0.81E-02  0.94E-07  0.95E-06
    433000 -0.81E-02  0.96E-07  0.11E-05
    434000 -0.81E-02  0.82E-07  0.11E-05
    435000 -0.81E-02  0.61E-07  0.12E-05
    436000 -0.81E-02  0.64E-07  0.12E-05
    437000 -0.81E-02  0.57E-07  0.13E-05
    438000 -0.86E-02  0.18E-04  0.21E-04
    439000 -0.86E-02  0.41E-05  0.31E-04
    440000 -0.86E-02  0.18E-05  0.37E-04
    441000 -0.85E-02  0.28E-05  0.37E-04
    442000 -0.85E-02  0.30E-05  0.36E-04
    443000 -0.86E-02  0.24E-05  0.34E-04
    444000 -0.86E-02  0.25E-05  0.34E-04
    445000 -0.86E-02  0.16E-05  0.23E-04
    446000 -0.86E-02  0.89E-06  0.15E-04
    447000 -0.86E-02  0.61E-06  0.13E-04
    448000 -0.86E-02  0.18E-06  0.40E-05
    449000 -0.86E-02  0.19E-06  0.35E-05
    450000 -0.86E-02  0.13E-06  0.34E-05
    451000 -0.86E-02  0.11E-06  0.32E-05
    452000 -0.86E-02  0.88E-07  0.27E-05
    453000 -0.86E-02  0.69E-07  0.24E-05
    454000 -0.86E-02  0.33E-06  0.22E-05
    455000 -0.86E-02  0.53E-07  0.19E-05
    456000 -0.86E-02  0.51E-07  0.16E-05
    457000 -0.86E-02  0.42E-07  0.14E-05
    458000 -0.86E-02  0.34E-07  0.12E-05
    459000 -0.86E-02  0.33E-07  0.10E-05
    460000 -0.86E-02  0.27E-07  0.10E-05
    461000 -0.86E-02  0.25E-07  0.10E-05
    462000 -0.86E-02  0.23E-07  0.11E-05
    463000 -0.86E-02  0.23E-07  0.11E-05
    464000 -0.86E-02  0.24E-07  0.11E-05
    465000 -0.86E-02  0.24E-07  0.11E-05
    466000 -0.86E-02  0.27E-07  0.12E-05
    467000 -0.86E-02  0.40E-06  0.13E-05
    468000 -0.86E-02  0.13E-06  0.12E-05
    469000 -0.86E-02  0.18E-07  0.14E-05
    470000 -0.86E-02  0.65E-07  0.17E-05
    471000 -0.86E-02  0.66E-07  0.18E-05
    472000 -0.86E-02  0.38E-07  0.19E-05
    473000 -0.86E-02  0.37E-07  0.20E-05
    474000 -0.86E-02  0.45E-07  0.21E-05
    475000 -0.86E-02  0.53E-07  0.22E-05
    476000 -0.86E-02  0.61E-07  0.24E-05
    477000 -0.86E-02  0.74E-07  0.24E-05
    478000 -0.93E-02  0.19E-04  0.23E-04
    479000 -0.92E-02  0.34E-05  0.39E-04
    480000 -0.92E-02  0.24E-05  0.42E-04
    481000 -0.92E-02  0.36E-05  0.41E-04
    482000 -0.92E-02  0.37E-05  0.40E-04
    483000 -0.92E-02  0.28E-05  0.33E-04
    484000 -0.92E-02  0.26E-05  0.33E-04
    485000 -0.92E-02  0.17E-05  0.23E-04
    486000 -0.93E-02  0.11E-05  0.16E-04
    487000 -0.93E-02  0.70E-06  0.13E-04
    488000 -0.93E-02  0.31E-06  0.66E-05
    489000 -0.93E-02  0.21E-06  0.49E-05
    490000 -0.93E-02  0.16E-06  0.42E-05
    491000 -0.93E-02  0.12E-06  0.36E-05
    492000 -0.93E-02  0.10E-06  0.30E-05
    493000 -0.93E-02  0.10E-06  0.25E-05
    494000 -0.93E-02  0.86E-07  0.22E-05
    495000 -0.93E-02  0.91E-07  0.20E-05
    496000 -0.93E-02  0.11E-06  0.18E-05
    497000 -0.93E-02  0.69E-07  0.16E-05
    498000 -0.93E-02  0.65E-07  0.14E-05
    499000 -0.93E-02  0.66E-07  0.15E-05
    500000 -0.93E-02  0.60E-07  0.16E-05
    501000 -0.93E-02  0.42E-06  0.17E-05
    502000 -0.93E-02  0.60E-07  0.17E-05
    503000 -0.93E-02  0.45E-07  0.18E-05
    504000 -0.93E-02  0.52E-07  0.18E-05
    505000 -0.93E-02  0.54E-07  0.19E-05
    506000 -0.93E-02  0.55E-07  0.21E-05
    507000 -0.93E-02  0.85E-07  0.22E-05
    508000 -0.93E-02  0.97E-07  0.24E-05
    509000 -0.93E-02  0.98E-07  0.26E-05
    510000 -0.93E-02  0.10E-06  0.28E-05
    511000 -0.93E-02  0.12E-06  0.30E-05
    512000 -0.93E-02  0.14E-06  0.33E-05
    513000 -0.93E-02  0.19E-06  0.35E-05
    514000 -0.93E-02  0.19E-06  0.37E-05
    515000 -0.93E-02  0.20E-06  0.41E-05
    516000 -0.93E-02  0.24E-06  0.44E-05
    517000 -0.93E-02  0.27E-06  0.47E-05
    518000 -0.96E-02  0.18E-04  0.24E-04
    519000 -0.96E-02  0.19E-05  0.36E-04
    520000 -0.95E-02  0.21E-05  0.37E-04
    521000 -0.95E-02  0.30E-05  0.36E-04
    522000 -0.95E-02  0.29E-05  0.34E-04
    523000 -0.95E-02  0.24E-05  0.33E-04
    524000 -0.96E-02  0.21E-05  0.30E-04
    525000 -0.96E-02  0.12E-05  0.18E-04
    526000 -0.96E-02  0.73E-06  0.14E-04
    527000 -0.96E-02  0.42E-06  0.98E-05
    528000 -0.96E-02  0.15E-06  0.38E-05
    529000 -0.96E-02  0.13E-06  0.36E-05
    530000 -0.96E-02  0.12E-06  0.36E-05
    531000 -0.96E-02  0.80E-06  0.30E-05
    532000 -0.96E-02  0.17E-06  0.28E-05
    533000 -0.96E-02  0.91E-07  0.24E-05
    534000 -0.96E-02  0.54E-07  0.20E-05
    535000 -0.96E-02  0.51E-07  0.17E-05
    536000 -0.96E-02  0.49E-07  0.17E-05
    537000 -0.96E-02  0.44E-07  0.16E-05
    538000 -0.96E-02  0.42E-06  0.14E-05
    539000 -0.96E-02  0.39E-07  0.12E-05
    540000 -0.96E-02  0.29E-07  0.13E-05
    541000 -0.96E-02  0.32E-07  0.13E-05
    542000 -0.96E-02  0.25E-07  0.14E-05
    543000 -0.96E-02  0.22E-07  0.15E-05
    544000 -0.96E-02  0.24E-07  0.16E-05
    545000 -0.96E-02  0.25E-07  0.18E-05
    546000 -0.96E-02  0.31E-07  0.20E-05
    547000 -0.96E-02  0.39E-07  0.22E-05
    548000 -0.96E-02  0.45E-07  0.23E-05
    549000 -0.96E-02  0.54E-07  0.25E-05
    550000 -0.96E-02  0.64E-07  0.26E-05
    551000 -0.96E-02  0.74E-07  0.28E-05
    552000 -0.96E-02  0.85E-07  0.29E-05
    553000 -0.96E-02  0.98E-07  0.30E-05
    554000 -0.96E-02  0.11E-06  0.32E-05
    555000 -0.96E-02  0.40E-06  0.35E-05
    556000 -0.96E-02  0.19E-06  0.36E-05
    557000 -0.96E-02  0.18E-06  0.40E-05
    558000 -0.10E-01  0.16E-04  0.24E-04
    559000 -0.10E-01  0.24E-05  0.40E-04
    560000 -0.10E-01  0.28E-05  0.42E-04
    561000 -0.10E-01  0.37E-05  0.40E-04
    562000 -0.10E-01  0.32E-05  0.32E-04
    563000 -0.10E-01  0.28E-05  0.34E-04
    564000 -0.10E-01  0.21E-05  0.28E-04
    565000 -0.10E-01  0.13E-05  0.18E-04
    566000 -0.10E-01  0.90E-06  0.15E-04
    567000 -0.10E-01  0.48E-06  0.96E-05
    568000 -0.10E-01  0.25E-06  0.54E-05
    569000 -0.10E-01  0.19E-06  0.47E-05
    570000 -0.10E-01  0.14E-06  0.41E-05
    571000 -0.10E-01  0.11E-06  0.35E-05
    572000 -0.10E-01  0.92E-07  0.31E-05
    573000 -0.10E-01  0.69E-07  0.26E-05
    574000 -0.10E-01  0.41E-06  0.22E-05
    575000 -0.10E-01  0.67E-07  0.19E-05
    576000 -0.10E-01  0.63E-07  0.17E-05
    577000 -0.10E-01  0.45E-07  0.15E-05
    578000 -0.10E-01  0.53E-07  0.14E-05
    579000 -0.10E-01  0.56E-07  0.15E-05
    580000 -0.10E-01  0.62E-07  0.16E-05
    581000 -0.10E-01  0.50E-07  0.16E-05
    582000 -0.10E-01  0.53E-07  0.18E-05
    583000 -0.10E-01  0.51E-07  0.19E-05
    584000 -0.10E-01  0.61E-07  0.21E-05
    585000 -0.10E-01  0.71E-07  0.22E-05
    586000 -0.10E-01  0.85E-07  0.23E-05
    587000 -0.10E-01  0.73E-07  0.24E-05
    588000 -0.10E-01  0.86E-07  0.26E-05
    589000 -0.10E-01  0.39E-06  0.27E-05
    590000 -0.10E-01  0.10E-06  0.29E-05
    591000 -0.10E-01  0.12E-06  0.31E-05
    592000 -0.10E-01  0.14E-06  0.34E-05
    593000 -0.10E-01  0.17E-06  0.37E-05
    594000 -0.10E-01  0.21E-06  0.40E-05
    595000 -0.10E-01  0.22E-06  0.43E-05
    596000 -0.10E-01  0.26E-06  0.46E-05
    597000 -0.10E-01  0.30E-06  0.50E-05
    598000 -0.10E-01  0.20E-04  0.26E-04
    599000 -0.10E-01  0.26E-05  0.43E-04
    600000 -0.10E-01  0.31E-05  0.43E-04
    601000 -0.10E-01  0.37E-05  0.40E-04
    602000 -0.10E-01  0.25E-05  0.29E-04
    603000 -0.10E-01  0.29E-05  0.35E-04
    604000 -0.10E-01  0.21E-05  0.27E-04
    605000 -0.10E-01  0.12E-05  0.17E-04
    606000 -0.10E-01  0.92E-06  0.16E-04
    607000 -0.10E-01  0.40E-06  0.83E-05
    608000 -0.10E-01  0.23E-06  0.55E-05
    609000 -0.10E-01  0.19E-06  0.50E-05
    610000 -0.10E-01  0.14E-06  0.41E-05
    611000 -0.10E-01  0.11E-06  0.36E-05
    612000 -0.10E-01  0.88E-07  0.31E-05
    613000 -0.10E-01  0.87E-07  0.27E-05
    614000 -0.10E-01  0.76E-07  0.23E-05
    615000 -0.10E-01  0.71E-07  0.21E-05
    616000 -0.10E-01  0.60E-07  0.19E-05
    617000 -0.10E-01  0.59E-07  0.17E-05
    618000 -0.10E-01  0.65E-07  0.15E-05
    619000 -0.10E-01  0.60E-07  0.14E-05
    620000 -0.10E-01  0.71E-07  0.12E-05
    621000 -0.10E-01  0.59E-07  0.13E-05
    622000 -0.10E-01  0.62E-07  0.14E-05
    623000 -0.10E-01  0.67E-07  0.14E-05
    624000 -0.10E-01  0.40E-06  0.16E-05
    625000 -0.10E-01  0.53E-07  0.16E-05
    626000 -0.10E-01  0.53E-07  0.17E-05
    627000 -0.10E-01  0.61E-07  0.19E-05
    628000 -0.10E-01  0.79E-07  0.20E-05
    629000 -0.10E-01  0.80E-07  0.21E-05
    630000 -0.10E-01  0.95E-07  0.23E-05
    631000 -0.10E-01  0.87E-07  0.25E-05
    632000 -0.10E-01  0.11E-06  0.27E-05
    633000 -0.10E-01  0.13E-06  0.29E-05
    634000 -0.10E-01  0.15E-06  0.31E-05
    635000 -0.10E-01  0.15E-06  0.34E-05
    636000 -0.10E-01  0.18E-06  0.36E-05
    637000 -0.11E-01  0.19E-04  0.24E-04
    638000 -0.11E-01  0.54E-05  0.30E-04
    639000 -0.11E-01  0.17E-05  0.37E-04
    640000 -0.11E-01  0.26E-05  0.36E-04
    641000 -0.11E-01  0.28E-05  0.34E-04
    642000 -0.11E-01  0.22E-05  0.31E-04
    643000 -0.11E-01  0.22E-05  0.31E-04
    644000 -0.11E-01  0.13E-05  0.20E-04
    645000 -0.11E-01  0.81E-06  0.14E-04
    646000 -0.11E-01  0.69E-06  0.14E-04
    647000 -0.11E-01  0.21E-06  0.49E-05
    648000 -0.11E-01  0.15E-06  0.40E-05
    649000 -0.11E-01  0.15E-06  0.41E-05
    650000 -0.11E-01  0.11E-06  0.35E-05
    651000 -0.11E-01  0.88E-07  0.29E-05
    652000 -0.11E-01  0.70E-07  0.26E-05
    653000 -0.11E-01  0.61E-07  0.23E-05
    654000 -0.11E-01  0.54E-07  0.20E-05
    655000 -0.11E-01  0.74E-07  0.17E-05
    656000 -0.11E-01  0.74E-07  0.15E-05
    657000 -0.11E-01  0.43E-07  0.13E-05
    658000 -0.11E-01  0.35E-07  0.13E-05
    659000 -0.11E-01  0.30E-07  0.14E-05
    660000 -0.11E-01  0.41E-06  0.16E-05
    661000 -0.11E-01  0.85E-07  0.16E-05
    662000 -0.11E-01  0.29E-07  0.17E-05
    663000 -0.11E-01  0.35E-07  0.18E-05
    664000 -0.11E-01  0.38E-07  0.20E-05
    665000 -0.11E-01  0.47E-07  0.22E-05
    666000 -0.11E-01  0.53E-07  0.23E-05
    667000 -0.11E-01  0.62E-07  0.24E-05
    668000 -0.11E-01  0.75E-07  0.25E-05
    669000 -0.11E-01  0.83E-07  0.27E-05
    670000 -0.11E-01  0.93E-07  0.29E-05
    671000 -0.11E-01  0.11E-06  0.31E-05
    672000 -0.11E-01  0.12E-06  0.34E-05
    673000 -0.11E-01  0.15E-06  0.37E-05
    674000 -0.11E-01  0.17E-06  0.40E-05
    675000 -0.11E-01  0.20E-06  0.43E-05
    676000 -0.11E-01  0.23E-06  0.45E-05
    677000 -0.11E-01  0.17E-04  0.23E-04
    678000 -0.11E-01  0.27E-05  0.39E-04
    679000 -0.11E-01  0.24E-05  0.42E-04
    680000 -0.11E-01  0.36E-05  0.41E-04
    681000 -0.11E-01  0.37E-05  0.40E-04
    682000 -0.11E-01  0.29E-05  0.33E-04
    683000 -0.11E-01  0.23E-05  0.30E-04
    684000 -0.11E-01  0.16E-05  0.21E-04
    685000 -0.11E-01  0.11E-05  0.16E-04
    686000 -0.11E-01  0.82E-06  0.14E-04
    687000 -0.11E-01  0.33E-06  0.65E-05
    688000 -0.11E-01  0.24E-06  0.56E-05
    689000 -0.11E-01  0.19E-06  0.50E-05
    690000 -0.11E-01  0.13E-06  0.39E-05
    691000 -0.11E-01  0.11E-06  0.34E-05
    692000 -0.11E-01  0.78E-07  0.28E-05
    693000 -0.11E-01  0.79E-07  0.24E-05
    694000 -0.11E-01  0.70E-07  0.20E-05
    695000 -0.11E-01  0.12E-06  0.18E-05
    696000 -0.11E-01  0.94E-07  0.17E-05
    697000 -0.11E-01  0.69E-07  0.15E-05
    698000 -0.11E-01  0.40E-06  0.16E-05
    699000 -0.11E-01  0.64E-07  0.16E-05
    700000 -0.11E-01  0.51E-07  0.16E-05
    701000 -0.11E-01  0.61E-07  0.17E-05
    702000 -0.11E-01  0.54E-07  0.18E-05
    703000 -0.11E-01  0.59E-07  0.19E-05
    704000 -0.11E-01  0.66E-07  0.21E-05
    705000 -0.11E-01  0.70E-07  0.22E-05
    706000 -0.11E-01  0.88E-07  0.23E-05
    707000 -0.11E-01  0.84E-07  0.25E-05
    708000 -0.11E-01  0.98E-07  0.26E-05
    709000 -0.11E-01  0.11E-06  0.29E-05
    710000 -0.11E-01  0.13E-06  0.31E-05
    711000 -0.11E-01  0.15E-06  0.33E-05
    712000 -0.11E-01  0.16E-06  0.35E-05
    713000 -0.11E-01  0.20E-06  0.38E-05
    714000 -0.11E-01  0.21E-06  0.41E-05
    715000 -0.11E-01  0.24E-06  0.45E-05
    716000 -0.11E-01  0.28E-06  0.48E-05
    717000 -0.11E-01  0.20E-04  0.25E-04
    718000 -0.11E-01  0.22E-05  0.37E-04
    719000 -0.11E-01  0.21E-05  0.37E-04
    720000 -0.11E-01  0.30E-05  0.36E-04
    721000 -0.11E-01  0.30E-05  0.35E-04
    722000 -0.11E-01  0.23E-05  0.31E-04
    723000 -0.11E-01  0.19E-05  0.27E-04
    724000 -0.11E-01  0.11E-05  0.16E-04
    725000 -0.11E-01  0.75E-06  0.14E-04
    726000 -0.11E-01  0.56E-06  0.12E-04
    727000 -0.11E-01  0.20E-06  0.46E-05
    728000 -0.11E-01  0.17E-06  0.46E-05
    729000 -0.11E-01  0.16E-06  0.45E-05
    730000 -0.11E-01  0.10E-06  0.33E-05
    731000 -0.11E-01  0.80E-07  0.29E-05
    732000 -0.11E-01  0.70E-07  0.27E-05
    733000 -0.11E-01  0.59E-07  0.24E-05
    734000 -0.11E-01  0.54E-07  0.20E-05
    735000 -0.11E-01  0.41E-07  0.18E-05
    736000 -0.11E-01  0.37E-07  0.18E-05
    737000 -0.11E-01  0.41E-06  0.19E-05
    738000 -0.11E-01  0.38E-07  0.19E-05
    739000 -0.11E-01  0.38E-07  0.20E-05
    740000 -0.11E-01  0.43E-07  0.21E-05
    741000 -0.11E-01  0.51E-07  0.23E-05
    742000 -0.11E-01  0.62E-07  0.25E-05
    743000 -0.11E-01  0.72E-07  0.27E-05
    744000 -0.11E-01  0.85E-07  0.29E-05
    745000 -0.11E-01  0.10E-06  0.32E-05
    746000 -0.11E-01  0.12E-06  0.34E-05
    747000 -0.11E-01  0.14E-06  0.35E-05
    748000 -0.11E-01  0.16E-06  0.38E-05
    749000 -0.11E-01  0.19E-06  0.42E-05
    750000 -0.11E-01  0.22E-06  0.45E-05
    751000 -0.11E-01  0.25E-06  0.47E-05
    752000 -0.11E-01  0.29E-06  0.51E-05
    753000 -0.11E-01  0.33E-06  0.54E-05
    754000 -0.11E-01  0.38E-06  0.58E-05
    755000 -0.11E-01  0.44E-06  0.63E-05
    756000 -0.11E-01  0.51E-06  0.68E-05
    757000 -0.12E-01  0.22E-04  0.27E-04
    758000 -0.12E-01  0.22E-05  0.42E-04
    759000 -0.12E-01  0.29E-05  0.43E-04
    760000 -0.12E-01  0.38E-05  0.40E-04
    761000 -0.12E-01  0.35E-05  0.34E-04
    762000 -0.12E-01  0.29E-05  0.34E-04
    763000 -0.12E-01  0.21E-05  0.27E-04
    764000 -0.12E-01  0.13E-05  0.17E-04
    765000 -0.12E-01  0.10E-05  0.16E-04
    766000 -0.12E-01  0.57E-06  0.10E-04
    767000 -0.12E-01  0.30E-06  0.61E-05
    768000 -0.12E-01  0.25E-06  0.59E-05
    769000 -0.12E-01  0.20E-06  0.51E-05
    770000 -0.12E-01  0.14E-06  0.40E-05
    771000 -0.12E-01  0.11E-06  0.35E-05
    772000 -0.12E-01  0.85E-07  0.30E-05
    773000 -0.12E-01  0.66E-07  0.25E-05
    774000 -0.12E-01  0.41E-06  0.21E-05
    775000 -0.12E-01  0.66E-07  0.18E-05
    776000 -0.12E-01  0.51E-07  0.18E-05
    777000 -0.12E-01  0.79E-07  0.20E-05
    778000 -0.12E-01  0.61E-07  0.21E-05
    779000 -0.12E-01  0.79E-07  0.23E-05
    780000 -0.12E-01  0.82E-07  0.24E-05
    781000 -0.12E-01  0.10E-06  0.26E-05
    782000 -0.12E-01  0.11E-06  0.28E-05
    783000 -0.12E-01  0.11E-06  0.29E-05
    784000 -0.12E-01  0.12E-06  0.31E-05
    785000 -0.12E-01  0.13E-06  0.33E-05
    786000 -0.12E-01  0.14E-06  0.35E-05
    787000 -0.12E-01  0.17E-06  0.38E-05
    788000 -0.12E-01  0.20E-06  0.40E-05
    789000 -0.12E-01  0.23E-06  0.43E-05
    790000 -0.12E-01  0.27E-06  0.47E-05
    791000 -0.12E-01  0.29E-06  0.51E-05
    792000 -0.12E-01  0.35E-06  0.55E-05
    793000 -0.12E-01  0.40E-06  0.59E-05
    794000 -0.12E-01  0.46E-06  0.64E-05
    795000 -0.12E-01  0.54E-06  0.69E-05
    796000 -0.12E-01  0.61E-06  0.75E-05
    797000 -0.12E-01  0.21E-04  0.27E-04
    798000 -0.12E-01  0.25E-05  0.41E-04
    799000 -0.12E-01  0.29E-05  0.41E-04
    800000 -0.12E-01  0.36E-05  0.39E-04
    801000 -0.12E-01  0.23E-05  0.28E-04
    802000 -0.12E-01  0.27E-05  0.32E-04
    803000 -0.12E-01  0.19E-05  0.25E-04
    804000 -0.12E-01  0.12E-05  0.16E-04
    805000 -0.12E-01  0.96E-06  0.16E-04
    806000 -0.12E-01  0.44E-06  0.89E-05
    807000 -0.12E-01  0.26E-06  0.61E-05
    808000 -0.12E-01  0.22E-06  0.57E-05
    809000 -0.12E-01  0.16E-06  0.49E-05
    810000 -0.12E-01  0.12E-06  0.39E-05
    811000 -0.12E-01  0.93E-07  0.34E-05
    812000 -0.12E-01  0.86E-07  0.29E-05
    813000 -0.12E-01  0.72E-07  0.25E-05
    814000 -0.12E-01  0.66E-07  0.22E-05
    815000 -0.12E-01  0.69E-07  0.19E-05
    816000 -0.12E-01  0.51E-07  0.17E-05
    817000 -0.12E-01  0.53E-07  0.17E-05
    818000 -0.12E-01  0.69E-07  0.19E-05
    819000 -0.12E-01  0.62E-07  0.20E-05
    820000 -0.12E-01  0.77E-07  0.21E-05
    821000 -0.12E-01  0.66E-07  0.22E-05
    822000 -0.12E-01  0.81E-07  0.23E-05
    823000 -0.12E-01  0.88E-07  0.25E-05
    824000 -0.12E-01  0.10E-06  0.27E-05
    825000 -0.12E-01  0.12E-06  0.29E-05
    826000 -0.12E-01  0.12E-06  0.31E-05
    827000 -0.12E-01  0.13E-06  0.33E-05
    828000 -0.12E-01  0.16E-06  0.36E-05
    829000 -0.12E-01  0.20E-06  0.38E-05
    830000 -0.12E-01  0.21E-06  0.41E-05
    831000 -0.12E-01  0.23E-06  0.44E-05
    832000 -0.12E-01  0.26E-06  0.48E-05
    833000 -0.12E-01  0.31E-06  0.52E-05
    834000 -0.12E-01  0.36E-06  0.56E-05
    835000 -0.12E-01  0.41E-06  0.60E-05
    836000 -0.12E-01  0.21E-04  0.26E-04
    837000 -0.12E-01  0.70E-05  0.31E-04
    838000 -0.12E-01  0.17E-05  0.37E-04
    839000 -0.12E-01  0.27E-05  0.37E-04
    840000 -0.12E-01  0.30E-05  0.36E-04
    841000 -0.12E-01  0.23E-05  0.30E-04
    842000 -0.12E-01  0.21E-05  0.29E-04
    843000 -0.12E-01  0.14E-05  0.19E-04
    844000 -0.12E-01  0.88E-06  0.14E-04
    845000 -0.12E-01  0.79E-06  0.14E-04
    846000 -0.12E-01  0.28E-06  0.60E-05
    847000 -0.12E-01  0.21E-06  0.51E-05
    848000 -0.12E-01  0.19E-06  0.51E-05
    849000 -0.12E-01  0.16E-06  0.46E-05
    850000 -0.12E-01  0.11E-06  0.34E-05
    851000 -0.12E-01  0.88E-07  0.31E-05
    852000 -0.12E-01  0.74E-07  0.26E-05
    853000 -0.12E-01  0.74E-07  0.23E-05
    854000 -0.12E-01  0.60E-07  0.20E-05
    855000 -0.12E-01  0.53E-07  0.18E-05
    856000 -0.12E-01  0.46E-07  0.17E-05
    857000 -0.12E-01  0.39E-07  0.19E-05
    858000 -0.12E-01  0.41E-07  0.20E-05
    859000 -0.12E-01  0.47E-07  0.22E-05
    860000 -0.12E-01  0.51E-07  0.23E-05
    861000 -0.12E-01  0.62E-07  0.25E-05
    862000 -0.12E-01  0.71E-07  0.27E-05
    863000 -0.12E-01  0.83E-07  0.28E-05
    864000 -0.12E-01  0.98E-07  0.30E-05
    865000 -0.12E-01  0.11E-06  0.32E-05
    866000 -0.12E-01  0.13E-06  0.33E-05
    867000 -0.12E-01  0.15E-06  0.36E-05
    868000 -0.12E-01  0.17E-06  0.39E-05
    869000 -0.12E-01  0.19E-06  0.41E-05
    870000 -0.12E-01  0.22E-06  0.44E-05
    871000 -0.12E-01  0.26E-06  0.48E-05
    872000 -0.12E-01  0.30E-06  0.52E-05
    873000 -0.12E-01  0.35E-06  0.56E-05
    874000 -0.12E-01  0.41E-06  0.60E-05
    875000 -0.12E-01  0.46E-06  0.64E-05
    876000 -0.12E-01  0.19E-04  0.23E-04
    877000 -0.12E-01  0.30E-05  0.38E-04
    878000 -0.12E-01  0.23E-05  0.41E-04
    879000 -0.12E-01  0.35E-05  0.40E-04
    880000 -0.12E-01  0.37E-05  0.40E-04
    881000 -0.12E-01  0.25E-05  0.30E-04
    882000 -0.12E-01  0.21E-05  0.27E-04
    883000 -0.12E-01  0.15E-05  0.20E-04
    884000 -0.12E-01  0.11E-05  0.16E-04
    885000 -0.12E-01  0.90E-06  0.15E-04
    886000 -0.12E-01  0.37E-06  0.73E-05
    887000 -0.12E-01  0.27E-06  0.61E-05
    888000 -0.12E-01  0.22E-06  0.57E-05
    889000 -0.12E-01  0.15E-06  0.44E-05
    890000 -0.12E-01  0.11E-06  0.38E-05
    891000 -0.12E-01  0.88E-07  0.32E-05
    892000 -0.12E-01  0.86E-07  0.28E-05
    893000 -0.12E-01  0.67E-07  0.24E-05
    894000 -0.12E-01  0.78E-07  0.21E-05
    895000 -0.12E-01  0.55E-07  0.18E-05
    896000 -0.12E-01  0.55E-07  0.18E-05
    897000 -0.12E-01  0.84E-07  0.20E-05
    898000 -0.12E-01  0.90E-07  0.21E-05
    899000 -0.12E-01  0.81E-07  0.22E-05
    900000 -0.12E-01  0.87E-07  0.23E-05
    901000 -0.12E-01  0.10E-06  0.24E-05
    902000 -0.12E-01  0.87E-07  0.26E-05
    903000 -0.12E-01  0.97E-07  0.27E-05
    904000 -0.12E-01  0.10E-06  0.29E-05
    905000 -0.12E-01  0.12E-06  0.31E-05
    906000 -0.12E-01  0.14E-06  0.33E-05
    907000 -0.12E-01  0.16E-06  0.36E-05
    908000 -0.12E-01  0.19E-06  0.38E-05
    909000 -0.12E-01  0.21E-06  0.40E-05
    910000 -0.12E-01  0.23E-06  0.44E-05
    911000 -0.12E-01  0.26E-06  0.47E-05
    912000 -0.12E-01  0.31E-06  0.51E-05
    913000 -0.12E-01  0.36E-06  0.54E-05
    914000 -0.12E-01  0.40E-06  0.59E-05
    915000 -0.12E-01  0.46E-06  0.63E-05
    916000 -0.12E-01  0.22E-04  0.27E-04
    917000 -0.12E-01  0.22E-05  0.36E-04
    918000 -0.12E-01  0.21E-05  0.37E-04
    919000 -0.12E-01  0.31E-05  0.37E-04
    920000 -0.12E-01  0.31E-05  0.36E-04
    921000 -0.12E-01  0.22E-05  0.30E-04
    922000 -0.12E-01  0.18E-05  0.25E-04
    923000 -0.12E-01  0.11E-05  0.16E-04
    924000 -0.12E-01  0.79E-06  0.14E-04
    925000 -0.12E-01  0.69E-06  0.13E-04
    926000 -0.12E-01  0.26E-06  0.55E-05
    927000 -0.12E-01  0.22E-06  0.55E-05
    928000 -0.12E-01  0.19E-06  0.53E-05
    929000 -0.12E-01  0.12E-06  0.38E-05
    930000 -0.12E-01  0.98E-07  0.33E-05
    931000 -0.12E-01  0.86E-07  0.31E-05
    932000 -0.12E-01  0.72E-07  0.27E-05
    933000 -0.12E-01  0.61E-07  0.23E-05
    934000 -0.12E-01  0.53E-07  0.20E-05
    935000 -0.12E-01  0.45E-07  0.19E-05
    936000 -0.12E-01  0.39E-07  0.20E-05
    937000 -0.12E-01  0.39E-07  0.21E-05
    938000 -0.12E-01  0.46E-07  0.22E-05
    939000 -0.12E-01  0.53E-07  0.24E-05
    940000 -0.12E-01  0.60E-07  0.25E-05
    941000 -0.12E-01  0.70E-07  0.27E-05
    942000 -0.12E-01  0.82E-07  0.28E-05
    943000 -0.12E-01  0.97E-07  0.30E-05
    944000 -0.12E-01  0.11E-06  0.32E-05
    945000 -0.12E-01  0.13E-06  0.34E-05
    946000 -0.12E-01  0.15E-06  0.36E-05
    947000 -0.12E-01  0.17E-06  0.39E-05
    948000 -0.12E-01  0.20E-06  0.42E-05
    949000 -0.12E-01  0.23E-06  0.46E-05
    950000 -0.12E-01  0.28E-06  0.50E-05
    951000 -0.12E-01  0.31E-06  0.53E-05
    952000 -0.12E-01  0.36E-06  0.56E-05
    953000 -0.12E-01  0.41E-06  0.60E-05
    954000 -0.12E-01  0.47E-06  0.64E-05
    955000 -0.12E-01  0.54E-06  0.69E-05
    956000 -0.12E-01  0.19E-04  0.23E-04
    957000 -0.12E-01  0.23E-05  0.43E-04
    958000 -0.12E-01  0.28E-05  0.42E-04
    959000 -0.12E-01  0.38E-05  0.40E-04
    960000 -0.12E-01  0.36E-05  0.36E-04
    961000 -0.12E-01  0.28E-05  0.32E-04
    962000 -0.12E-01  0.19E-05  0.25E-04
    963000 -0.12E-01  0.12E-05  0.16E-04
    964000 -0.12E-01  0.10E-05  0.16E-04
    965000 -0.12E-01  0.64E-06  0.11E-04
    966000 -0.12E-01  0.34E-06  0.66E-05
    967000 -0.12E-01  0.30E-06  0.65E-05
    968000 -0.12E-01  0.24E-06  0.60E-05
    969000 -0.12E-01  0.16E-06  0.46E-05
    970000 -0.12E-01  0.12E-06  0.39E-05
    971000 -0.12E-01  0.99E-07  0.35E-05
    972000 -0.12E-01  0.78E-07  0.30E-05
    973000 -0.12E-01  0.71E-07  0.25E-05
    974000 -0.12E-01  0.71E-07  0.21E-05
    975000 -0.12E-01  0.62E-07  0.18E-05
    976000 -0.12E-01  0.57E-07  0.19E-05
    977000 -0.12E-01  0.97E-07  0.21E-05
    978000 -0.12E-01  0.10E-06  0.22E-05
    979000 -0.12E-01  0.62E-07  0.23E-05
    980000 -0.12E-01  0.77E-07  0.24E-05
    981000 -0.12E-01  0.93E-07  0.26E-05
    982000 -0.12E-01  0.10E-06  0.28E-05
    983000 -0.12E-01  0.12E-06  0.29E-05
    984000 -0.12E-01  0.13E-06  0.31E-05
    985000 -0.12E-01  0.12E-06  0.33E-05
    986000 -0.12E-01  0.17E-06  0.36E-05
    987000 -0.12E-01  0.18E-06  0.39E-05
    988000 -0.12E-01  0.21E-06  0.41E-05
    989000 -0.12E-01  0.24E-06  0.44E-05
    990000 -0.12E-01  0.26E-06  0.47E-05
    991000 -0.12E-01  0.30E-06  0.50E-05
    992000 -0.12E-01  0.35E-06  0.54E-05
    993000 -0.12E-01  0.40E-06  0.59E-05
    994000 -0.12E-01  0.45E-06  0.63E-05
    995000 -0.12E-01  0.52E-06  0.68E-05
    996000 -0.12E-01  0.23E-04  0.28E-04
    997000 -0.12E-01  0.23E-05  0.42E-04
    998000 -0.12E-01  0.29E-05  0.40E-04
    999000 -0.12E-01  0.37E-05  0.40E-04
   1000000 -0.12E-01  0.23E-05  0.27E-04
   1001000 -0.12E-01  0.25E-05  0.30E-04
   1002000 -0.12E-01  0.17E-05  0.23E-04
   1003000 -0.12E-01  0.12E-05  0.15E-04
   1004000 -0.12E-01  0.10E-05  0.16E-04
   1005000 -0.12E-01  0.51E-06  0.96E-05
   1006000 -0.12E-01  0.30E-06  0.64E-05
   1007000 -0.12E-01  0.26E-06  0.63E-05
   1008000 -0.12E-01  0.21E-06  0.57E-05
   1009000 -0.12E-01  0.13E-06  0.42E-05
   1010000 -0.12E-01  0.12E-06  0.37E-05
   1011000 -0.12E-01  0.90E-07  0.32E-05
   1012000 -0.12E-01  0.76E-07  0.27E-05
   1013000 -0.12E-01  0.66E-07  0.23E-05
   1014000 -0.12E-01  0.63E-07  0.21E-05
   1015000 -0.12E-01  0.76E-07  0.21E-05
   1016000 -0.12E-01  0.63E-07  0.21E-05
   1017000 -0.12E-01  0.67E-07  0.22E-05
   1018000 -0.12E-01  0.88E-07  0.24E-05
   1019000 -0.12E-01  0.11E-06  0.27E-05
   1020000 -0.12E-01  0.11E-06  0.27E-05
   1021000 -0.12E-01  0.11E-06  0.29E-05
   1022000 -0.12E-01  0.13E-06  0.32E-05
   1023000 -0.12E-01  0.15E-06  0.34E-05
   1024000 -0.12E-01  0.17E-06  0.37E-05
   1025000 -0.12E-01  0.20E-06  0.39E-05
   1026000 -0.12E-01  0.23E-06  0.41E-05
   1027000 -0.12E-01  0.27E-06  0.44E-05
   1028000 -0.12E-01  0.27E-06  0.47E-05
   1029000 -0.12E-01  0.31E-06  0.51E-05
   1030000 -0.12E-01  0.35E-06  0.55E-05
   1031000 -0.12E-01  0.41E-06  0.59E-05
   1032000 -0.12E-01  0.47E-06  0.64E-05
   1033000 -0.12E-01  0.54E-06  0.69E-05
   1034000 -0.12E-01  0.62E-06  0.75E-05
   1035000 -0.12E-01  0.22E-04  0.27E-04
   1036000 -0.12E-01  0.83E-05  0.30E-04
   1037000 -0.12E-01  0.19E-05  0.39E-04
   1038000 -0.12E-01  0.30E-05  0.39E-04
   1039000 -0.12E-01  0.34E-05  0.39E-04
   1040000 -0.12E-01  0.24E-05  0.30E-04
   1041000 -0.12E-01  0.23E-05  0.30E-04
   1042000 -0.12E-01  0.15E-05  0.20E-04
   1043000 -0.12E-01  0.91E-06  0.14E-04
   1044000 -0.12E-01  0.87E-06  0.15E-04
   1045000 -0.12E-01  0.37E-06  0.69E-05
   1046000 -0.12E-01  0.27E-06  0.61E-05
   1047000 -0.12E-01  0.24E-06  0.60E-05
   1048000 -0.12E-01  0.20E-06  0.55E-05
   1049000 -0.12E-01  0.12E-06  0.39E-05
   1050000 -0.12E-01  0.10E-06  0.35E-05
   1051000 -0.12E-01  0.80E-07  0.30E-05
   1052000 -0.12E-01  0.72E-07  0.26E-05
   1053000 -0.12E-01  0.63E-07  0.22E-05
   1054000 -0.12E-01  0.59E-07  0.19E-05
   1055000 -0.12E-01  0.50E-07  0.19E-05
   1056000 -0.12E-01  0.44E-07  0.21E-05
   1057000 -0.12E-01  0.48E-07  0.22E-05
   1058000 -0.12E-01  0.52E-07  0.24E-05
   1059000 -0.12E-01  0.64E-07  0.25E-05
   1060000 -0.12E-01  0.74E-07  0.27E-05
   1061000 -0.12E-01  0.84E-07  0.29E-05
   1062000 -0.12E-01  0.99E-07  0.31E-05
   1063000 -0.12E-01  0.11E-06  0.32E-05
   1064000 -0.12E-01  0.13E-06  0.35E-05
   1065000 -0.12E-01  0.15E-06  0.37E-05
   1066000 -0.12E-01  0.18E-06  0.40E-05
   1067000 -0.12E-01  0.20E-06  0.42E-05
   1068000 -0.12E-01  0.23E-06  0.45E-05
   1069000 -0.12E-01  0.27E-06  0.48E-05
   1070000 -0.12E-01  0.31E-06  0.52E-05
   1071000 -0.12E-01  0.36E-06  0.56E-05
   1072000 -0.12E-01  0.41E-06  0.60E-05
   1073000 -0.12E-01  0.47E-06  0.64E-05
   1074000 -0.12E-01  0.55E-06  0.69E-05
   1075000 -0.12E-01  0.19E-04  0.23E-04
   1076000 -0.12E-01  0.33E-05  0.37E-04
   1077000 -0.12E-01  0.23E-05  0.43E-04
   1078000 -0.12E-01  0.34E-05  0.40E-04
   1079000 -0.12E-01  0.37E-05  0.40E-04
   1080000 -0.12E-01  0.25E-05  0.29E-04
   1081000 -0.12E-01  0.20E-05  0.26E-04
   1082000 -0.12E-01  0.14E-05  0.19E-04
   1083000 -0.12E-01  0.11E-05  0.16E-04
   1084000 -0.12E-01  0.10E-05  0.16E-04
   1085000 -0.12E-01  0.42E-06  0.75E-05
   1086000 -0.12E-01  0.30E-06  0.66E-05
   1087000 -0.12E-01  0.26E-06  0.64E-05
   1088000 -0.12E-01  0.18E-06  0.50E-05
   1089000 -0.12E-01  0.14E-06  0.40E-05
   1090000 -0.12E-01  0.11E-06  0.35E-05
   1091000 -0.12E-01  0.83E-07  0.31E-05
   1092000 -0.12E-01  0.74E-07  0.26E-05
   1093000 -0.12E-01  0.10E-06  0.23E-05
   1094000 -0.12E-01  0.75E-07  0.20E-05
   1095000 -0.12E-01  0.78E-07  0.20E-05
   1096000 -0.12E-01  0.94E-07  0.22E-05
   1097000 -0.12E-01  0.86E-07  0.22E-05
   1098000 -0.12E-01  0.78E-07  0.23E-05
   1099000 -0.12E-01  0.97E-07  0.25E-05
   1100000 -0.12E-01  0.91E-07  0.26E-05
   1101000 -0.12E-01  0.10E-06  0.28E-05
   1102000 -0.12E-01  0.11E-06  0.30E-05
   1103000 -0.12E-01  0.13E-06  0.32E-05
   1104000 -0.12E-01  0.14E-06  0.34E-05
   1105000 -0.12E-01  0.18E-06  0.37E-05
   1106000 -0.12E-01  0.18E-06  0.39E-05
   1107000 -0.12E-01  0.21E-06  0.42E-05
   1108000 -0.12E-01  0.25E-06  0.45E-05
   1109000 -0.12E-01  0.28E-06  0.48E-05
   1110000 -0.12E-01  0.31E-06  0.52E-05
   1111000 -0.12E-01  0.36E-06  0.56E-05
   1112000 -0.12E-01  0.43E-06  0.60E-05
   1113000 -0.12E-01  0.49E-06  0.64E-05
   1114000 -0.12E-01  0.55E-06  0.69E-05
   1115000 -0.12E-01  0.23E-04  0.28E-04
   1116000 -0.12E-01  0.24E-05  0.37E-04
   1117000 -0.12E-01  0.21E-05  0.38E-04
   1118000 -0.12E-01  0.33E-05  0.38E-04
   1119000 -0.12E-01  0.33E-05  0.37E-04
   1120000 -0.12E-01  0.23E-05  0.29E-04
   1121000 -0.12E-01  0.18E-05  0.25E-04
   1122000 -0.12E-01  0.11E-05  0.15E-04
   1123000 -0.12E-01  0.86E-06  0.14E-04
   1124000 -0.12E-01  0.79E-06  0.13E-04
   1125000 -0.12E-01  0.30E-06  0.62E-05
   1126000 -0.12E-01  0.27E-06  0.62E-05
   1127000 -0.12E-01  0.24E-06  0.60E-05
   1128000 -0.12E-01  0.15E-06  0.46E-05
   1129000 -0.12E-01  0.11E-06  0.37E-05
   1130000 -0.12E-01  0.89E-07  0.33E-05
   1131000 -0.12E-01  0.76E-07  0.30E-05
   1132000 -0.12E-01  0.68E-07  0.25E-05
   1133000 -0.12E-01  0.57E-07  0.22E-05
   1134000 -0.12E-01  0.48E-07  0.21E-05
   1135000 -0.12E-01  0.42E-07  0.22E-05
   1136000 -0.12E-01  0.49E-07  0.24E-05
   1137000 -0.12E-01  0.59E-07  0.25E-05
   1138000 -0.12E-01  0.67E-07  0.26E-05
   1139000 -0.12E-01  0.77E-07  0.28E-05
   1140000 -0.12E-01  0.89E-07  0.30E-05
   1141000 -0.12E-01  0.10E-06  0.31E-05
   1142000 -0.12E-01  0.12E-06  0.34E-05
   1143000 -0.12E-01  0.14E-06  0.36E-05
   1144000 -0.12E-01  0.16E-06  0.38E-05
   1145000 -0.12E-01  0.19E-06  0.41E-05
   1146000 -0.12E-01  0.21E-06  0.44E-05
   1147000 -0.12E-01  0.25E-06  0.47E-05
   1148000 -0.12E-01  0.29E-06  0.51E-05
   1149000 -0.12E-01  0.34E-06  0.56E-05
   1150000 -0.12E-01  0.39E-06  0.59E-05
   1151000 -0.12E-01  0.44E-06  0.62E-05
   1152000 -0.12E-01  0.51E-06  0.67E-05
   1153000 -0.12E-01  0.58E-06  0.72E-05
   1154000 -0.12E-01  0.67E-06  0.77E-05
   1155000 -0.13E-01  0.24E-04  0.29E-04
   1156000 -0.13E-01  0.21E-05  0.44E-04
   1157000 -0.13E-01  0.28E-05  0.43E-04
   1158000 -0.13E-01  0.39E-05  0.41E-04
   1159000 -0.13E-01  0.38E-05  0.38E-04
   1160000 -0.13E-01  0.27E-05  0.31E-04
   1161000 -0.13E-01  0.19E-05  0.25E-04
   1162000 -0.13E-01  0.12E-05  0.16E-04
   1163000 -0.13E-01  0.11E-05  0.16E-04
   1164000 -0.13E-01  0.77E-06  0.12E-04
   1165000 -0.13E-01  0.36E-06  0.69E-05
   1166000 -0.13E-01  0.33E-06  0.68E-05
   1167000 -0.13E-01  0.28E-06  0.66E-05
   1168000 -0.13E-01  0.19E-06  0.50E-05
   1169000 -0.13E-01  0.14E-06  0.42E-05
   1170000 -0.13E-01  0.11E-06  0.37E-05
   1171000 -0.13E-01  0.86E-07  0.32E-05
   1172000 -0.13E-01  0.73E-07  0.28E-05
   1173000 -0.13E-01  0.63E-07  0.23E-05
   1174000 -0.13E-01  0.81E-07  0.22E-05
   1175000 -0.13E-01  0.81E-07  0.23E-05
   1176000 -0.13E-01  0.79E-07  0.24E-05
   1177000 -0.13E-01  0.91E-07  0.26E-05
   1178000 -0.13E-01  0.11E-06  0.28E-05
   1179000 -0.13E-01  0.10E-06  0.29E-05
   1180000 -0.13E-01  0.13E-06  0.32E-05
   1181000 -0.13E-01  0.14E-06  0.33E-05
   1182000 -0.13E-01  0.16E-06  0.36E-05
   1183000 -0.13E-01  0.17E-06  0.38E-05
   1184000 -0.13E-01  0.20E-06  0.41E-05
   1185000 -0.13E-01  0.22E-06  0.44E-05
   1186000 -0.13E-01  0.26E-06  0.47E-05
   1187000 -0.13E-01  0.29E-06  0.50E-05
   1188000 -0.13E-01  0.34E-06  0.54E-05
   1189000 -0.13E-01  0.39E-06  0.57E-05
   1190000 -0.13E-01  0.45E-06  0.62E-05
   1191000 -0.13E-01  0.51E-06  0.67E-05
   1192000 -0.13E-01  0.59E-06  0.72E-05
   1193000 -0.13E-01  0.68E-06  0.77E-05
   1194000 -0.13E-01  0.78E-06  0.83E-05
   1195000 -0.13E-01  0.24E-04  0.29E-04
   1196000 -0.13E-01  0.23E-05  0.42E-04
   1197000 -0.13E-01  0.30E-05  0.41E-04
   1198000 -0.13E-01  0.38E-05  0.40E-04
   1199000 -0.13E-01  0.24E-05  0.25E-04
   1200000 -0.13E-01  0.26E-05  0.30E-04
   1201000 -0.13E-01  0.17E-05  0.23E-04
   1202000 -0.13E-01  0.11E-05  0.15E-04
   1203000 -0.13E-01  0.11E-05  0.16E-04
   1204000 -0.13E-01  0.61E-06  0.10E-04
   1205000 -0.13E-01  0.33E-06  0.68E-05
   1206000 -0.13E-01  0.30E-06  0.67E-05
   1207000 -0.13E-01  0.24E-06  0.64E-05
   1208000 -0.13E-01  0.15E-06  0.46E-05
   1209000 -0.13E-01  0.12E-06  0.39E-05
   1210000 -0.13E-01  0.10E-06  0.35E-05
   1211000 -0.13E-01  0.83E-07  0.30E-05
   1212000 -0.13E-01  0.73E-07  0.26E-05
   1213000 -0.13E-01  0.65E-07  0.22E-05
   1214000 -0.13E-01  0.73E-07  0.21E-05
   1215000 -0.13E-01  0.60E-07  0.22E-05
   1216000 -0.13E-01  0.71E-07  0.23E-05
   1217000 -0.13E-01  0.83E-07  0.24E-05
   1218000 -0.13E-01  0.93E-07  0.26E-05
   1219000 -0.13E-01  0.10E-06  0.28E-05
   1220000 -0.13E-01  0.12E-06  0.30E-05
   1221000 -0.13E-01  0.14E-06  0.32E-05
   1222000 -0.13E-01  0.15E-06  0.34E-05
   1223000 -0.13E-01  0.17E-06  0.36E-05
   1224000 -0.13E-01  0.19E-06  0.39E-05
   1225000 -0.13E-01  0.20E-06  0.42E-05
   1226000 -0.13E-01  0.25E-06  0.44E-05
   1227000 -0.13E-01  0.27E-06  0.47E-05
   1228000 -0.13E-01  0.31E-06  0.51E-05
   1229000 -0.13E-01  0.37E-06  0.55E-05
   1230000 -0.13E-01  0.41E-06  0.59E-05
   1231000 -0.13E-01  0.47E-06  0.64E-05
   1232000 -0.13E-01  0.54E-06  0.69E-05
   1233000 -0.13E-01  0.62E-06  0.74E-05
   1234000 -0.13E-01  0.23E-04  0.28E-04
   1235000 -0.13E-01  0.11E-04  0.30E-04
   1236000 -0.13E-01  0.19E-05  0.39E-04
   1237000 -0.13E-01  0.30E-05  0.39E-04
   1238000 -0.13E-01  0.35E-05  0.39E-04
   1239000 -0.13E-01  0.23E-05  0.29E-04
   1240000 -0.13E-01  0.23E-05  0.29E-04
   1241000 -0.13E-01  0.14E-05  0.19E-04
   1242000 -0.13E-01  0.93E-06  0.14E-04
   1243000 -0.13E-01  0.95E-06  0.15E-04
   1244000 -0.13E-01  0.42E-06  0.75E-05
   1245000 -0.13E-01  0.31E-06  0.66E-05
   1246000 -0.13E-01  0.27E-06  0.64E-05
   1247000 -0.13E-01  0.22E-06  0.59E-05
   1248000 -0.13E-01  0.13E-06  0.41E-05
   1249000 -0.13E-01  0.11E-06  0.38E-05
   1250000 -0.13E-01  0.89E-07  0.32E-05
   1251000 -0.13E-01  0.76E-07  0.28E-05
   1252000 -0.13E-01  0.68E-07  0.24E-05
   1253000 -0.13E-01  0.57E-07  0.20E-05
   1254000 -0.13E-01  0.48E-07  0.21E-05
   1255000 -0.13E-01  0.47E-07  0.22E-05
   1256000 -0.13E-01  0.52E-07  0.23E-05
   1257000 -0.13E-01  0.61E-07  0.25E-05
   1258000 -0.13E-01  0.69E-07  0.26E-05
   1259000 -0.13E-01  0.87E-07  0.28E-05
   1260000 -0.13E-01  0.95E-07  0.30E-05
   1261000 -0.13E-01  0.11E-06  0.32E-05
   1262000 -0.13E-01  0.13E-06  0.34E-05
   1263000 -0.13E-01  0.14E-06  0.36E-05
   1264000 -0.13E-01  0.17E-06  0.38E-05
   1265000 -0.13E-01  0.19E-06  0.41E-05
   1266000 -0.13E-01  0.22E-06  0.44E-05
   1267000 -0.13E-01  0.25E-06  0.47E-05
   1268000 -0.13E-01  0.29E-06  0.50E-05
   1269000 -0.13E-01  0.34E-06  0.54E-05
   1270000 -0.13E-01  0.39E-06  0.58E-05
   1271000 -0.13E-01  0.45E-06  0.62E-05
   1272000 -0.13E-01  0.51E-06  0.67E-05
   1273000 -0.13E-01  0.59E-06  0.72E-05
   1274000 -0.13E-01  0.24E-04  0.29E-04
   1275000 -0.13E-01  0.35E-05  0.37E-04
   1276000 -0.13E-01  0.23E-05  0.42E-04
   1277000 -0.13E-01  0.35E-05  0.41E-04
   1278000 -0.13E-01  0.38E-05  0.40E-04
   1279000 -0.13E-01  0.26E-05  0.30E-04
   1280000 -0.13E-01  0.21E-05  0.27E-04
   1281000 -0.13E-01  0.14E-05  0.19E-04
   1282000 -0.13E-01  0.10E-05  0.16E-04
   1283000 -0.13E-01  0.10E-05  0.16E-04
   1284000 -0.13E-01  0.45E-06  0.80E-05
   1285000 -0.13E-01  0.33E-06  0.70E-05
   1286000 -0.13E-01  0.28E-06  0.66E-05
   1287000 -0.13E-01  0.20E-06  0.54E-05
   1288000 -0.13E-01  0.14E-06  0.43E-05
   1289000 -0.13E-01  0.11E-06  0.37E-05
   1290000 -0.13E-01  0.11E-06  0.33E-05
   1291000 -0.13E-01  0.89E-07  0.29E-05
   1292000 -0.13E-01  0.72E-07  0.25E-05
   1293000 -0.13E-01  0.78E-07  0.22E-05
   1294000 -0.13E-01  0.64E-07  0.23E-05
   1295000 -0.13E-01  0.84E-07  0.24E-05
   1296000 -0.13E-01  0.95E-07  0.26E-05
   1297000 -0.13E-01  0.10E-06  0.27E-05
   1298000 -0.13E-01  0.11E-06  0.29E-05
   1299000 -0.13E-01  0.12E-06  0.30E-05
   1300000 -0.13E-01  0.14E-06  0.33E-05
   1301000 -0.13E-01  0.15E-06  0.35E-05
   1302000 -0.13E-01  0.19E-06  0.38E-05
   1303000 -0.13E-01  0.20E-06  0.40E-05
   1304000 -0.13E-01  0.22E-06  0.43E-05
   1305000 -0.13E-01  0.24E-06  0.46E-05
   1306000 -0.13E-01  0.29E-06  0.49E-05
   1307000 -0.13E-01  0.32E-06  0.53E-05
   1308000 -0.13E-01  0.38E-06  0.57E-05
   1309000 -0.13E-01  0.43E-06  0.61E-05
   1310000 -0.13E-01  0.49E-06  0.66E-05
   1311000 -0.13E-01  0.57E-06  0.71E-05
   1312000 -0.13E-01  0.65E-06  0.76E-05
   1313000 -0.13E-01  0.75E-06  0.82E-05
   1314000 -0.13E-01  0.23E-04  0.28E-04
   1315000 -0.13E-01  0.24E-05  0.37E-04
   1316000 -0.13E-01  0.22E-05  0.39E-04
   1317000 -0.13E-01  0.34E-05  0.39E-04
   1318000 -0.13E-01  0.34E-05  0.38E-04
   1319000 -0.13E-01  0.23E-05  0.29E-04
   1320000 -0.13E-01  0.18E-05  0.25E-04
   1321000 -0.13E-01  0.11E-05  0.15E-04
   1322000 -0.13E-01  0.90E-06  0.14E-04
   1323000 -0.13E-01  0.83E-06  0.14E-04
   1324000 -0.13E-01  0.36E-06  0.67E-05
   1325000 -0.13E-01  0.31E-06  0.68E-05
   1326000 -0.13E-01  0.28E-06  0.65E-05
   1327000 -0.13E-01  0.18E-06  0.50E-05
   1328000 -0.13E-01  0.13E-06  0.39E-05
   1329000 -0.13E-01  0.10E-06  0.35E-05
   1330000 -0.13E-01  0.10E-06  0.32E-05
   1331000 -0.13E-01  0.75E-07  0.27E-05
   1332000 -0.13E-01  0.61E-07  0.23E-05
   1333000 -0.13E-01  0.55E-07  0.21E-05
   1334000 -0.13E-01  0.46E-07  0.22E-05
   1335000 -0.13E-01  0.51E-07  0.24E-05
   1336000 -0.13E-01  0.59E-07  0.25E-05
   1337000 -0.13E-01  0.69E-07  0.27E-05
   1338000 -0.13E-01  0.81E-07  0.28E-05
   1339000 -0.13E-01  0.94E-07  0.30E-05
   1340000 -0.13E-01  0.11E-06  0.32E-05
   1341000 -0.13E-01  0.13E-06  0.34E-05
   1342000 -0.13E-01  0.14E-06  0.36E-05
   1343000 -0.13E-01  0.17E-06  0.39E-05
   1344000 -0.13E-01  0.19E-06  0.41E-05
   1345000 -0.13E-01  0.22E-06  0.44E-05
   1346000 -0.13E-01  0.25E-06  0.47E-05
   1347000 -0.13E-01  0.30E-06  0.51E-05
   1348000 -0.13E-01  0.34E-06  0.55E-05
   1349000 -0.13E-01  0.40E-06  0.59E-05
   1350000 -0.13E-01  0.45E-06  0.63E-05
   1351000 -0.13E-01  0.52E-06  0.67E-05
   1352000 -0.13E-01  0.60E-06  0.72E-05
   1353000 -0.13E-01  0.69E-06  0.78E-05
   1354000 -0.13E-01  0.24E-04  0.29E-04
   1355000 -0.13E-01  0.24E-05  0.42E-04
   1356000 -0.13E-01  0.27E-05  0.42E-04
   1357000 -0.13E-01  0.38E-05  0.40E-04
   1358000 -0.13E-01  0.38E-05  0.38E-04
   1359000 -0.13E-01  0.25E-05  0.30E-04
   1360000 -0.13E-01  0.18E-05  0.24E-04
   1361000 -0.13E-01  0.11E-05  0.15E-04
   1362000 -0.13E-01  0.11E-05  0.16E-04
   1363000 -0.13E-01  0.80E-06  0.13E-04
   1364000 -0.13E-01  0.38E-06  0.71E-05
   1365000 -0.13E-01  0.34E-06  0.71E-05
   1366000 -0.13E-01  0.29E-06  0.68E-05
   1367000 -0.13E-01  0.18E-06  0.50E-05
   1368000 -0.13E-01  0.14E-06  0.43E-05
   1369000 -0.13E-01  0.11E-06  0.38E-05
   1370000 -0.13E-01  0.86E-07  0.34E-05
   1371000 -0.13E-01  0.75E-07  0.28E-05
   1372000 -0.13E-01  0.85E-07  0.25E-05
   1373000 -0.13E-01  0.56E-07  0.23E-05
   1374000 -0.13E-01  0.84E-07  0.24E-05
   1375000 -0.13E-01  0.84E-07  0.25E-05
   1376000 -0.13E-01  0.11E-06  0.27E-05
   1377000 -0.13E-01  0.95E-07  0.29E-05
   1378000 -0.13E-01  0.12E-06  0.31E-05
   1379000 -0.13E-01  0.12E-06  0.32E-05
   1380000 -0.13E-01  0.15E-06  0.35E-05
   1381000 -0.13E-01  0.16E-06  0.37E-05
   1382000 -0.13E-01  0.19E-06  0.39E-05
   1383000 -0.13E-01  0.21E-06  0.42E-05
   1384000 -0.13E-01  0.24E-06  0.45E-05
   1385000 -0.13E-01  0.27E-06  0.49E-05
   1386000 -0.13E-01  0.31E-06  0.52E-05
   1387000 -0.13E-01  0.36E-06  0.56E-05
   1388000 -0.13E-01  0.42E-06  0.60E-05
   1389000 -0.13E-01  0.48E-06  0.64E-05
   1390000 -0.13E-01  0.55E-06  0.69E-05
   1391000 -0.13E-01  0.63E-06  0.75E-05
   1392000 -0.13E-01  0.73E-06  0.80E-05
   1393000 -0.13E-01  0.84E-06  0.87E-05
   1394000 -0.13E-01  0.24E-04  0.29E-04
   1395000 -0.13E-01  0.27E-05  0.42E-04
   1396000 -0.13E-01  0.29E-05  0.42E-04
   1397000 -0.13E-01  0.39E-05  0.40E-04
   1398000 -0.13E-01  0.28E-05  0.26E-04
   1399000 -0.13E-01  0.25E-05  0.30E-04
   1400000 -0.13E-01  0.17E-05  0.23E-04
   1401000 -0.13E-01  0.12E-05  0.15E-04
   1402000 -0.13E-01  0.11E-05  0.16E-04
   1403000 -0.13E-01  0.63E-06  0.11E-04
   1404000 -0.13E-01  0.37E-06  0.71E-05
   1405000 -0.13E-01  0.31E-06  0.69E-05
   1406000 -0.13E-01  0.27E-06  0.66E-05
   1407000 -0.13E-01  0.17E-06  0.50E-05
   1408000 -0.13E-01  0.13E-06  0.41E-05
   1409000 -0.13E-01  0.10E-06  0.37E-05
   1410000 -0.13E-01  0.86E-07  0.32E-05
   1411000 -0.13E-01  0.77E-07  0.27E-05
   1412000 -0.13E-01  0.66E-07  0.23E-05
   1413000 -0.13E-01  0.58E-07  0.21E-05
   1414000 -0.13E-01  0.68E-07  0.22E-05
   1415000 -0.13E-01  0.82E-07  0.24E-05
   1416000 -0.13E-01  0.94E-07  0.25E-05
   1417000 -0.13E-01  0.93E-07  0.27E-05
   1418000 -0.13E-01  0.11E-06  0.28E-05
   1419000 -0.13E-01  0.12E-06  0.31E-05
   1420000 -0.13E-01  0.13E-06  0.32E-05
   1421000 -0.13E-01  0.16E-06  0.35E-05
   1422000 -0.13E-01  0.18E-06  0.37E-05
   1423000 -0.13E-01  0.19E-06  0.40E-05
   1424000 -0.13E-01  0.21E-06  0.42E-05
   1425000 -0.13E-01  0.25E-06  0.45E-05
   1426000 -0.13E-01  0.29E-06  0.48E-05
   1427000 -0.13E-01  0.32E-06  0.52E-05
   1428000 -0.13E-01  0.37E-06  0.56E-05
   1429000 -0.13E-01  0.42E-06  0.60E-05
   1430000 -0.13E-01  0.48E-06  0.65E-05
   1431000 -0.13E-01  0.56E-06  0.70E-05
   1432000 -0.13E-01  0.64E-06  0.75E-05
   1433000 -0.13E-01  0.73E-06  0.81E-05
   1434000 -0.13E-01  0.23E-04  0.29E-04
   1435000 -0.13E-01  0.19E-05  0.40E-04
   1436000 -0.13E-01  0.30E-05  0.40E-04
   1437000 -0.13E-01  0.35E-05  0.39E-04
   1438000 -0.13E-01  0.24E-05  0.29E-04
   1439000 -0.13E-01  0.23E-05  0.29E-04
   1440000 -0.13E-01  0.14E-05  0.19E-04
   1441000 -0.13E-01  0.87E-06  0.13E-04
   1442000 -0.13E-01  0.95E-06  0.15E-04
   1443000 -0.13E-01  0.45E-06  0.77E-05
   1444000 -0.13E-01  0.33E-06  0.69E-05
   1445000 -0.13E-01  0.30E-06  0.68E-05
   1446000 -0.13E-01  0.26E-06  0.66E-05
   1447000 -0.13E-01  0.14E-06  0.41E-05
   1448000 -0.13E-01  0.13E-06  0.39E-05
   1449000 -0.13E-01  0.98E-07  0.34E-05
   1450000 -0.13E-01  0.85E-07  0.31E-05
   1451000 -0.13E-01  0.72E-07  0.26E-05
   1452000 -0.13E-01  0.61E-07  0.22E-05
   1453000 -0.13E-01  0.51E-07  0.21E-05
   1454000 -0.13E-01  0.57E-07  0.22E-05
   1455000 -0.13E-01  0.63E-07  0.22E-05
   1456000 -0.13E-01  0.71E-07  0.24E-05
   1457000 -0.13E-01  0.74E-07  0.25E-05
   1458000 -0.13E-01  0.80E-07  0.27E-05
   1459000 -0.13E-01  0.96E-07  0.29E-05
   1460000 -0.13E-01  0.11E-06  0.31E-05
   1461000 -0.13E-01  0.13E-06  0.34E-05
   1462000 -0.13E-01  0.15E-06  0.37E-05
   1463000 -0.13E-01  0.17E-06  0.39E-05
   1464000 -0.13E-01  0.19E-06  0.41E-05
   1465000 -0.13E-01  0.23E-06  0.45E-05
   1466000 -0.13E-01  0.26E-06  0.47E-05
   1467000 -0.13E-01  0.30E-06  0.51E-05
   1468000 -0.13E-01  0.34E-06  0.54E-05
   1469000 -0.13E-01  0.40E-06  0.59E-05
   1470000 -0.13E-01  0.45E-06  0.63E-05
   1471000 -0.13E-01  0.52E-06  0.68E-05
   1472000 -0.13E-01  0.60E-06  0.73E-05
   1473000 -0.13E-01  0.24E-04  0.29E-04
   1474000 -0.13E-01  0.35E-05  0.35E-04
   1475000 -0.13E-01  0.21E-05  0.41E-04
   1476000 -0.13E-01  0.33E-05  0.39E-04
   1477000 -0.13E-01  0.36E-05  0.39E-04
   1478000 -0.13E-01  0.23E-05  0.28E-04
   1479000 -0.13E-01  0.19E-05  0.25E-04
   1480000 -0.13E-01  0.13E-05  0.18E-04
   1481000 -0.13E-01  0.11E-05  0.16E-04
   1482000 -0.13E-01  0.10E-05  0.16E-04
   1483000 -0.13E-01  0.43E-06  0.78E-05
   1484000 -0.13E-01  0.34E-06  0.69E-05
   1485000 -0.13E-01  0.29E-06  0.68E-05
   1486000 -0.13E-01  0.21E-06  0.56E-05
   1487000 -0.13E-01  0.14E-06  0.44E-05
   1488000 -0.13E-01  0.12E-06  0.37E-05
   1489000 -0.13E-01  0.11E-06  0.33E-05
   1490000 -0.13E-01  0.81E-07  0.28E-05
   1491000 -0.13E-01  0.92E-07  0.25E-05
   1492000 -0.13E-01  0.90E-07  0.22E-05
   1493000 -0.13E-01  0.56E-07  0.22E-05
   1494000 -0.13E-01  0.88E-07  0.24E-05
   1495000 -0.13E-01  0.10E-06  0.25E-05
   1496000 -0.13E-01  0.98E-07  0.26E-05
   1497000 -0.13E-01  0.96E-07  0.28E-05
   1498000 -0.13E-01  0.10E-06  0.29E-05
   1499000 -0.13E-01  0.14E-06  0.31E-05
   1500000 -0.13E-01  0.14E-06  0.33E-05
   1501000 -0.13E-01  0.15E-06  0.35E-05
   1502000 -0.13E-01  0.17E-06  0.38E-05
   1503000 -0.13E-01  0.19E-06  0.41E-05
   1504000 -0.13E-01  0.24E-06  0.44E-05
   1505000 -0.13E-01  0.26E-06  0.47E-05
   1506000 -0.13E-01  0.30E-06  0.50E-05
   1507000 -0.13E-01  0.34E-06  0.54E-05
   1508000 -0.13E-01  0.39E-06  0.58E-05
   1509000 -0.13E-01  0.45E-06  0.62E-05
   1510000 -0.13E-01  0.51E-06  0.67E-05
   1511000 -0.13E-01  0.59E-06  0.72E-05
   1512000 -0.13E-01  0.68E-06  0.78E-05
   1513000 -0.13E-01  0.24E-04  0.29E-04
   1514000 -0.13E-01  0.26E-05  0.37E-04
   1515000 -0.13E-01  0.23E-05  0.39E-04
   1516000 -0.13E-01  0.34E-05  0.39E-04
   1517000 -0.13E-01  0.35E-05  0.39E-04
   1518000 -0.13E-01  0.23E-05  0.28E-04
   1519000 -0.13E-01  0.18E-05  0.25E-04
   1520000 -0.13E-01  0.11E-05  0.15E-04
   1521000 -0.13E-01  0.93E-06  0.14E-04
   1522000 -0.13E-01  0.84E-06  0.14E-04
   1523000 -0.13E-01  0.38E-06  0.70E-05
   1524000 -0.13E-01  0.33E-06  0.69E-05
   1525000 -0.13E-01  0.29E-06  0.67E-05
   1526000 -0.13E-01  0.19E-06  0.51E-05
   1527000 -0.13E-01  0.13E-06  0.40E-05
   1528000 -0.13E-01  0.11E-06  0.36E-05
   1529000 -0.13E-01  0.84E-07  0.33E-05
   1530000 -0.13E-01  0.77E-07  0.28E-05
   1531000 -0.13E-01  0.63E-07  0.23E-05
   1532000 -0.13E-01  0.55E-07  0.23E-05
   1533000 -0.13E-01  0.53E-07  0.24E-05
   1534000 -0.13E-01  0.62E-07  0.26E-05
   1535000 -0.13E-01  0.73E-07  0.27E-05
   1536000 -0.13E-01  0.85E-07  0.29E-05
   1537000 -0.13E-01  0.98E-07  0.31E-05
   1538000 -0.13E-01  0.11E-06  0.33E-05
   1539000 -0.13E-01  0.13E-06  0.35E-05
   1540000 -0.13E-01  0.15E-06  0.37E-05
   1541000 -0.13E-01  0.17E-06  0.39E-05
   1542000 -0.13E-01  0.20E-06  0.42E-05
   1543000 -0.13E-01  0.23E-06  0.45E-05
   1544000 -0.13E-01  0.26E-06  0.48E-05
   1545000 -0.13E-01  0.30E-06  0.51E-05
   1546000 -0.13E-01  0.35E-06  0.55E-05
   1547000 -0.13E-01  0.41E-06  0.60E-05
   1548000 -0.13E-01  0.47E-06  0.64E-05
   1549000 -0.13E-01  0.53E-06  0.68E-05
   1550000 -0.13E-01  0.61E-06  0.73E-05
   1551000 -0.13E-01  0.71E-06  0.79E-05
   1552000 -0.13E-01  0.81E-06  0.85E-05
   1553000 -0.13E-01  0.25E-04  0.29E-04
   1554000 -0.13E-01  0.26E-05  0.43E-04
   1555000 -0.13E-01  0.27E-05  0.43E-04
   1556000 -0.13E-01  0.39E-05  0.41E-04
   1557000 -0.13E-01  0.39E-05  0.39E-04
   1558000 -0.13E-01  0.27E-05  0.31E-04
   1559000 -0.13E-01  0.19E-05  0.24E-04
   1560000 -0.13E-01  0.11E-05  0.15E-04
   1561000 -0.13E-01  0.11E-05  0.16E-04
   1562000 -0.13E-01  0.91E-06  0.14E-04
   1563000 -0.13E-01  0.41E-06  0.74E-05
   1564000 -0.13E-01  0.36E-06  0.73E-05
   1565000 -0.13E-01  0.31E-06  0.71E-05
   1566000 -0.13E-01  0.19E-06  0.52E-05
   1567000 -0.13E-01  0.14E-06  0.44E-05
   1568000 -0.13E-01  0.11E-06  0.39E-05
   1569000 -0.13E-01  0.91E-07  0.35E-05
   1570000 -0.13E-01  0.82E-07  0.30E-05
   1571000 -0.13E-01  0.72E-07  0.25E-05
   1572000 -0.13E-01  0.83E-07  0.23E-05
   1573000 -0.13E-01  0.98E-07  0.25E-05
   1574000 -0.13E-01  0.78E-07  0.26E-05
   1575000 -0.13E-01  0.97E-07  0.28E-05
   1576000 -0.13E-01  0.10E-06  0.29E-05
   1577000 -0.13E-01  0.11E-06  0.31E-05
   1578000 -0.13E-01  0.14E-06  0.34E-05
   1579000 -0.13E-01  0.15E-06  0.36E-05
   1580000 -0.13E-01  0.18E-06  0.38E-05
   1581000 -0.13E-01  0.20E-06  0.41E-05
   1582000 -0.13E-01  0.23E-06  0.44E-05
   1583000 -0.13E-01  0.26E-06  0.47E-05
   1584000 -0.13E-01  0.29E-06  0.50E-05
   1585000 -0.13E-01  0.34E-06  0.54E-05
   1586000 -0.13E-01  0.39E-06  0.58E-05
   1587000 -0.13E-01  0.45E-06  0.62E-05
   1588000 -0.13E-01  0.51E-06  0.67E-05
   1589000 -0.13E-01  0.59E-06  0.72E-05
   1590000 -0.13E-01  0.67E-06  0.77E-05
   1591000 -0.13E-01  0.78E-06  0.84E-05
   1592000 -0.13E-01  0.90E-06  0.90E-05
   1593000 -0.13E-01  0.24E-04  0.29E-04
   1594000 -0.13E-01  0.28E-05  0.42E-04
   1595000 -0.13E-01  0.30E-05  0.42E-04
   1596000 -0.13E-01  0.39E-05  0.40E-04
   1597000 -0.13E-01  0.31E-05  0.29E-04
   1598000 -0.13E-01  0.26E-05  0.30E-04
   1599000 -0.13E-01  0.17E-05  0.23E-04
   1600000 -0.13E-01  0.11E-05  0.15E-04
   1601000 -0.13E-01  0.11E-05  0.16E-04
   1602000 -0.13E-01  0.64E-06  0.10E-04
   1603000 -0.13E-01  0.36E-06  0.71E-05
   1604000 -0.13E-01  0.33E-06  0.71E-05
   1605000 -0.13E-01  0.29E-06  0.70E-05
   1606000 -0.13E-01  0.18E-06  0.50E-05
   1607000 -0.13E-01  0.14E-06  0.43E-05
   1608000 -0.13E-01  0.11E-06  0.38E-05
   1609000 -0.13E-01  0.94E-07  0.33E-05
   1610000 -0.13E-01  0.84E-07  0.28E-05
   1611000 -0.13E-01  0.75E-07  0.24E-05
   1612000 -0.13E-01  0.72E-07  0.22E-05
   1613000 -0.13E-01  0.75E-07  0.23E-05
   1614000 -0.13E-01  0.75E-07  0.25E-05
   1615000 -0.13E-01  0.87E-07  0.26E-05
   1616000 -0.13E-01  0.10E-06  0.29E-05
   1617000 -0.13E-01  0.11E-06  0.30E-05
   1618000 -0.13E-01  0.12E-06  0.31E-05
   1619000 -0.13E-01  0.15E-06  0.34E-05
   1620000 -0.13E-01  0.17E-06  0.37E-05
   1621000 -0.13E-01  0.18E-06  0.39E-05
   1622000 -0.13E-01  0.20E-06  0.41E-05
   1623000 -0.13E-01  0.23E-06  0.45E-05
   1624000 -0.13E-01  0.27E-06  0.47E-05
   1625000 -0.13E-01  0.31E-06  0.51E-05
   1626000 -0.13E-01  0.35E-06  0.54E-05
   1627000 -0.13E-01  0.41E-06  0.59E-05
   1628000 -0.13E-01  0.46E-06  0.63E-05
   1629000 -0.13E-01  0.52E-06  0.68E-05
   1630000 -0.13E-01  0.60E-06  0.73E-05
   1631000 -0.13E-01  0.70E-06  0.78E-05
   1632000 -0.13E-01  0.81E-06  0.85E-05
   1633000 -0.13E-01  0.24E-04  0.29E-04
   1634000 -0.13E-01  0.22E-05  0.40E-04
   1635000 -0.13E-01  0.30E-05  0.41E-04
   1636000 -0.13E-01  0.36E-05  0.39E-04
   1637000 -0.13E-01  0.24E-05  0.29E-04
   1638000 -0.13E-01  0.25E-05  0.29E-04
   1639000 -0.13E-01  0.14E-05  0.19E-04
   1640000 -0.13E-01  0.93E-06  0.14E-04
   1641000 -0.13E-01  0.99E-06  0.15E-04
   1642000 -0.13E-01  0.46E-06  0.79E-05
   1643000 -0.13E-01  0.34E-06  0.70E-05
   1644000 -0.13E-01  0.30E-06  0.69E-05
   1645000 -0.13E-01  0.27E-06  0.66E-05
   1646000 -0.13E-01  0.14E-06  0.42E-05
   1647000 -0.13E-01  0.12E-06  0.39E-05
   1648000 -0.13E-01  0.96E-07  0.35E-05
   1649000 -0.13E-01  0.81E-07  0.31E-05
   1650000 -0.13E-01  0.78E-07  0.27E-05
   1651000 -0.13E-01  0.70E-07  0.23E-05
   1652000 -0.13E-01  0.58E-07  0.22E-05
   1653000 -0.13E-01  0.60E-07  0.24E-05
   1654000 -0.13E-01  0.70E-07  0.26E-05
   1655000 -0.13E-01  0.82E-07  0.28E-05
   1656000 -0.13E-01  0.90E-07  0.29E-05
   1657000 -0.13E-01  0.11E-06  0.31E-05
   1658000 -0.13E-01  0.12E-06  0.33E-05
   1659000 -0.13E-01  0.15E-06  0.36E-05
   1660000 -0.13E-01  0.16E-06  0.38E-05
   1661000 -0.13E-01  0.19E-06  0.41E-05
   1662000 -0.13E-01  0.22E-06  0.44E-05
   1663000 -0.13E-01  0.25E-06  0.46E-05
   1664000 -0.13E-01  0.28E-06  0.49E-05
   1665000 -0.13E-01  0.33E-06  0.53E-05
   1666000 -0.13E-01  0.38E-06  0.57E-05
   1667000 -0.13E-01  0.43E-06  0.61E-05
   1668000 -0.13E-01  0.49E-06  0.65E-05
   1669000 -0.13E-01  0.57E-06  0.70E-05
   1670000 -0.13E-01  0.65E-06  0.76E-05
   1671000 -0.13E-01  0.75E-06  0.81E-05
   1672000 -0.13E-01  0.24E-04  0.29E-04
   1673000 -0.13E-01  0.37E-05  0.35E-04
   1674000 -0.13E-01  0.23E-05  0.43E-04
   1675000 -0.13E-01  0.34E-05  0.41E-04
   1676000 -0.13E-01  0.39E-05  0.40E-04
   1677000 -0.13E-01  0.25E-05  0.29E-04
   1678000 -0.13E-01  0.22E-05  0.27E-04
   1679000 -0.13E-01  0.14E-05  0.19E-04
   1680000 -0.13E-01  0.11E-05  0.16E-04
   1681000 -0.13E-01  0.11E-05  0.16E-04
   1682000 -0.13E-01  0.47E-06  0.82E-05
   1683000 -0.13E-01  0.36E-06  0.72E-05
   1684000 -0.13E-01  0.30E-06  0.69E-05
   1685000 -0.13E-01  0.22E-06  0.58E-05
   1686000 -0.13E-01  0.15E-06  0.44E-05
   1687000 -0.13E-01  0.12E-06  0.39E-05
   1688000 -0.13E-01  0.95E-07  0.36E-05
   1689000 -0.13E-01  0.81E-07  0.31E-05
   1690000 -0.13E-01  0.73E-07  0.26E-05
   1691000 -0.13E-01  0.80E-07  0.23E-05
   1692000 -0.13E-01  0.92E-07  0.24E-05
   1693000 -0.13E-01  0.72E-07  0.24E-05
   1694000 -0.13E-01  0.10E-06  0.27E-05
   1695000 -0.13E-01  0.11E-06  0.28E-05
   1696000 -0.13E-01  0.12E-06  0.30E-05
   1697000 -0.13E-01  0.13E-06  0.32E-05
   1698000 -0.13E-01  0.14E-06  0.34E-05
   1699000 -0.13E-01  0.15E-06  0.36E-05
   1700000 -0.13E-01  0.18E-06  0.39E-05
   1701000 -0.13E-01  0.21E-06  0.42E-05
   1702000 -0.13E-01  0.23E-06  0.45E-05
   1703000 -0.13E-01  0.27E-06  0.48E-05
   1704000 -0.13E-01  0.30E-06  0.51E-05
   1705000 -0.13E-01  0.35E-06  0.55E-05
   1706000 -0.13E-01  0.40E-06  0.59E-05
   1707000 -0.13E-01  0.46E-06  0.63E-05
   1708000 -0.13E-01  0.53E-06  0.68E-05
   1709000 -0.13E-01  0.60E-06  0.73E-05
   1710000 -0.13E-01  0.70E-06  0.79E-05
   1711000 -0.13E-01  0.81E-06  0.85E-05
   1712000 -0.13E-01  0.24E-04  0.29E-04
   1713000 -0.13E-01  0.26E-05  0.36E-04
   1714000 -0.13E-01  0.23E-05  0.40E-04
   1715000 -0.13E-01  0.34E-05  0.40E-04
   1716000 -0.13E-01  0.35E-05  0.39E-04
   1717000 -0.13E-01  0.24E-05  0.29E-04
   1718000 -0.13E-01  0.19E-05  0.26E-04
   1719000 -0.13E-01  0.11E-05  0.15E-04
   1720000 -0.13E-01  0.95E-06  0.14E-04
   1721000 -0.13E-01  0.89E-06  0.14E-04
   1722000 -0.13E-01  0.39E-06  0.71E-05
   1723000 -0.13E-01  0.34E-06  0.70E-05
   1724000 -0.13E-01  0.29E-06  0.68E-05
   1725000 -0.13E-01  0.21E-06  0.53E-05
   1726000 -0.13E-01  0.14E-06  0.42E-05
   1727000 -0.13E-01  0.11E-06  0.37E-05
   1728000 -0.13E-01  0.90E-07  0.34E-05
   1729000 -0.13E-01  0.77E-07  0.28E-05
   1730000 -0.13E-01  0.67E-07  0.24E-05
   1731000 -0.13E-01  0.55E-07  0.22E-05
   1732000 -0.13E-01  0.49E-07  0.23E-05
   1733000 -0.13E-01  0.56E-07  0.25E-05
   1734000 -0.13E-01  0.66E-07  0.26E-05
   1735000 -0.13E-01  0.78E-07  0.28E-05
   1736000 -0.13E-01  0.88E-07  0.30E-05
   1737000 -0.13E-01  0.10E-06  0.32E-05
   1738000 -0.13E-01  0.12E-06  0.34E-05
   1739000 -0.13E-01  0.14E-06  0.36E-05
   1740000 -0.13E-01  0.16E-06  0.38E-05
   1741000 -0.13E-01  0.18E-06  0.40E-05
   1742000 -0.13E-01  0.21E-06  0.43E-05
   1743000 -0.13E-01  0.24E-06  0.46E-05
   1744000 -0.13E-01  0.28E-06  0.49E-05
   1745000 -0.13E-01  0.32E-06  0.53E-05
   1746000 -0.13E-01  0.37E-06  0.57E-05
   1747000 -0.13E-01  0.43E-06  0.61E-05
   1748000 -0.13E-01  0.49E-06  0.65E-05
   1749000 -0.13E-01  0.56E-06  0.70E-05
   1750000 -0.13E-01  0.64E-06  0.75E-05
   1751000 -0.13E-01  0.74E-06  0.80E-05
   1752000 -0.13E-01  0.25E-04  0.30E-04
   1753000 -0.13E-01  0.26E-05  0.42E-04
   1754000 -0.13E-01  0.27E-05  0.43E-04
   1755000 -0.13E-01  0.39E-05  0.40E-04
   1756000 -0.13E-01  0.39E-05  0.40E-04
   1757000 -0.13E-01  0.26E-05  0.30E-04
   1758000 -0.13E-01  0.18E-05  0.24E-04
   1759000 -0.13E-01  0.11E-05  0.15E-04
   1760000 -0.13E-01  0.11E-05  0.16E-04
   1761000 -0.13E-01  0.86E-06  0.13E-04
   1762000 -0.13E-01  0.39E-06  0.73E-05
   1763000 -0.13E-01  0.36E-06  0.74E-05
   1764000 -0.13E-01  0.31E-06  0.72E-05
   1765000 -0.13E-01  0.20E-06  0.52E-05
   1766000 -0.13E-01  0.15E-06  0.46E-05
   1767000 -0.13E-01  0.12E-06  0.40E-05
   1768000 -0.13E-01  0.94E-07  0.35E-05
   1769000 -0.13E-01  0.81E-07  0.30E-05
   1770000 -0.13E-01  0.68E-07  0.26E-05
   1771000 -0.13E-01  0.65E-07  0.24E-05
   1772000 -0.13E-01  0.78E-07  0.25E-05
   1773000 -0.13E-01  0.98E-07  0.27E-05
   1774000 -0.13E-01  0.12E-06  0.29E-05
   1775000 -0.13E-01  0.12E-06  0.31E-05
   1776000 -0.13E-01  0.13E-06  0.32E-05
   1777000 -0.13E-01  0.14E-06  0.34E-05
   1778000 -0.13E-01  0.15E-06  0.37E-05
   1779000 -0.13E-01  0.18E-06  0.39E-05
   1780000 -0.13E-01  0.20E-06  0.42E-05
   1781000 -0.13E-01  0.23E-06  0.45E-05
   1782000 -0.13E-01  0.27E-06  0.48E-05
   1783000 -0.13E-01  0.30E-06  0.51E-05
   1784000 -0.13E-01  0.35E-06  0.55E-05
   1785000 -0.13E-01  0.40E-06  0.59E-05
   1786000 -0.13E-01  0.47E-06  0.63E-05
   1787000 -0.13E-01  0.53E-06  0.68E-05
   1788000 -0.13E-01  0.61E-06  0.74E-05
   1789000 -0.13E-01  0.71E-06  0.79E-05
   1790000 -0.13E-01  0.82E-06  0.85E-05
   1791000 -0.13E-01  0.94E-06  0.92E-05
