 0.000E+00 0.000E+00
 0.316E+12 0.000E+00
 0.631E+12 0.000E+00
 0.947E+12 0.000E+00
 0.126E+13 0.000E+00
 0.158E+13 0.000E+00
 0.189E+13 0.000E+00
 0.221E+13 0.000E+00
 0.252E+13 0.000E+00
 0.284E+13 0.000E+00
 0.316E+13 0.000E+00
 0.347E+13 0.000E+00
 0.379E+13 0.000E+00
 0.410E+13 0.000E+00
 0.442E+13 0.000E+00
 0.473E+13 0.000E+00
 0.505E+13 0.000E+00
 0.537E+13 0.000E+00
 0.568E+13 0.000E+00
 0.600E+13 0.000E+00
 0.631E+13 0.000E+00
 0.663E+13 0.000E+00
 0.694E+13 0.000E+00
 0.726E+13 0.000E+00
 0.757E+13 0.000E+00
 0.789E+13 0.000E+00
 0.821E+13 0.000E+00
 0.852E+13 0.000E+00
 0.884E+13 0.000E+00
 0.915E+13 0.000E+00
 0.947E+13 0.000E+00
 0.978E+13 0.000E+00
 0.101E+14 0.000E+00
 0.104E+14 0.000E+00
 0.107E+14 0.000E+00
 0.110E+14 0.000E+00
 0.114E+14 0.000E+00
 0.117E+14 0.000E+00
 0.120E+14 0.000E+00
 0.123E+14 0.000E+00
 0.126E+14 0.000E+00
 0.129E+14 0.000E+00
 0.133E+14 0.000E+00
 0.136E+14 0.000E+00
 0.139E+14 0.000E+00
 0.142E+14 0.000E+00
 0.145E+14 0.000E+00
 0.148E+14 0.000E+00
 0.151E+14 0.000E+00
 0.155E+14 0.000E+00
 0.158E+14 0.000E+00
 0.161E+14 0.000E+00
 0.164E+14 0.000E+00
 0.167E+14 0.000E+00
 0.170E+14 0.000E+00
 0.174E+14 0.000E+00
 0.177E+14 0.000E+00
 0.180E+14 0.000E+00
 0.183E+14 0.000E+00
 0.186E+14 0.000E+00
 0.189E+14 0.000E+00
 0.193E+14 0.000E+00
 0.196E+14 0.000E+00
 0.199E+14 0.000E+00
 0.202E+14 0.000E+00
 0.205E+14 0.000E+00
 0.208E+14 0.000E+00
 0.211E+14 0.000E+00
 0.215E+14 0.000E+00
 0.218E+14 0.000E+00
 0.221E+14 0.000E+00
 0.224E+14 0.000E+00
 0.227E+14 0.000E+00
 0.230E+14 0.000E+00
 0.234E+14 0.000E+00
 0.237E+14 0.000E+00
 0.240E+14 0.000E+00
 0.243E+14 0.000E+00
 0.246E+14 0.000E+00
 0.249E+14 0.000E+00
 0.252E+14 0.000E+00
 0.256E+14 0.000E+00
 0.259E+14 0.000E+00
 0.262E+14 0.000E+00
 0.265E+14 0.000E+00
 0.268E+14 0.000E+00
 0.271E+14 0.000E+00
 0.275E+14 0.000E+00
 0.278E+14 0.000E+00
 0.281E+14 0.000E+00
 0.284E+14 0.000E+00
 0.287E+14 0.000E+00
 0.290E+14 0.000E+00
 0.293E+14 0.000E+00
 0.297E+14 0.000E+00
 0.300E+14 0.000E+00
 0.303E+14 0.000E+00
