      1000   0.001  0.868E+09 -0.737E+11
      2000   0.001  0.681E+09 -0.602E+11
      3000   0.002  0.406E+08 -0.479E+11
      4000   0.002 -0.173E+09 -0.372E+11
      5000   0.003 -0.239E+09 -0.244E+11
      6000   0.003 -0.156E+09 -0.474E+10
      7000   0.004  0.524E+08  0.204E+10
      8000   0.004  0.210E+09  0.631E+09
      9000   0.005  0.239E+09 -0.440E+10
     10000   0.005  0.179E+09 -0.591E+10
     11000   0.006  0.998E+08 -0.727E+10
     12000   0.006  0.610E+08 -0.740E+10
     13000   0.007  0.486E+08 -0.546E+10
     14000   0.007  0.154E+08 -0.357E+10
     15000   0.008  0.236E+08 -0.268E+10
     16000   0.008  0.599E+08 -0.144E+10
     17000   0.009  0.730E+08 -0.135E+10
     18000   0.009  0.715E+08 -0.244E+10
     19000   0.010  0.707E+08 -0.376E+10
     20000   0.010  0.682E+08 -0.418E+10
     21000   0.011  0.534E+08 -0.217E+10
     22000   0.011  0.328E+08 -0.109E+10
     23000   0.012  0.373E+08 -0.156E+10
     24000   0.012  0.335E+08 -0.184E+10
     25000   0.013  0.229E+08 -0.308E+10
     26000   0.013  0.219E+08 -0.393E+10
     27000   0.014  0.222E+08 -0.283E+10
     28000   0.014  0.189E+08 -0.212E+10
     29000   0.015  0.129E+08 -0.182E+10
     30000   0.015  0.135E+08 -0.136E+10
     31000   0.016  0.600E+07 -0.110E+10
     32000   0.016  0.111E+07 -0.201E+10
     33000   0.017  0.170E+07 -0.172E+10
     34000   0.017  0.446E+07 -0.141E+10
     35000   0.018  0.319E+07 -0.687E+09
     36000   0.018  0.836E+06 -0.331E+09
     37000   0.019 -0.640E+07 -0.123E+08
     38000   0.019 -0.122E+08 -0.666E+09
     39000   0.020 -0.160E+08 -0.118E+10
     40000   0.020  0.130E+09 -0.251E+10
     41000   0.021  0.193E+09 -0.846E+10
     42000   0.021  0.138E+09 -0.224E+11
     43000   0.022  0.764E+08 -0.862E+10
     44000   0.022 -0.428E+08 -0.412E+10
     45000   0.023 -0.115E+09 -0.120E+10
     46000   0.023 -0.828E+08  0.862E+09
     47000   0.024 -0.666E+08  0.549E+10
     48000   0.024 -0.391E+08  0.720E+10
     49000   0.025  0.116E+08  0.737E+10
     50000   0.025  0.337E+08  0.691E+10
     51000   0.026  0.322E+08  0.707E+10
     52000   0.026  0.196E+08  0.708E+10
     53000   0.027  0.112E+08  0.718E+10
     54000   0.027  0.106E+08  0.736E+10
     55000   0.028  0.821E+07  0.759E+10
     56000   0.028  0.831E+07  0.765E+10
     57000   0.029  0.899E+07  0.769E+10
     58000   0.029  0.946E+07  0.774E+10
     59000   0.030  0.910E+07  0.799E+10
     60000   0.030  0.598E+07  0.817E+10
     61000   0.031  0.626E+07  0.834E+10
     62000   0.031  0.796E+07  0.830E+10
     63000   0.032  0.106E+08  0.826E+10
     64000   0.032  0.515E+07  0.842E+10
     65000   0.033  0.126E+07  0.879E+10
     66000   0.033 -0.178E+07  0.915E+10
     67000   0.034  0.216E+07  0.931E+10
     68000   0.034  0.424E+07  0.922E+10
     69000   0.035  0.370E+07  0.933E+10
     70000   0.035  0.295E+07  0.942E+10
     71000   0.036  0.121E+07  0.951E+10
     72000   0.036  0.282E+07  0.953E+10
     73000   0.037  0.360E+07  0.946E+10
     74000   0.037  0.231E+07  0.942E+10
     75000   0.038  0.334E+07  0.939E+10
     76000   0.038  0.199E+07  0.936E+10
     77000   0.039  0.837E+06  0.933E+10
     78000   0.039 -0.724E+06  0.936E+10
     79000   0.040 -0.116E+07  0.941E+10
     80000   0.040  0.375E+09  0.833E+10
     81000   0.041  0.678E+09 -0.408E+11
     82000   0.041  0.443E+09 -0.577E+11
     83000   0.042  0.303E+09 -0.455E+11
     84000   0.042 -0.164E+09 -0.332E+11
     85000   0.043 -0.476E+09 -0.237E+11
     86000   0.043 -0.390E+09 -0.146E+11
     87000   0.044 -0.236E+09 -0.275E+10
     88000   0.044 -0.113E+09  0.296E+10
     89000   0.045 -0.486E+08  0.560E+10
     90000   0.045 -0.167E+08  0.700E+10
     91000   0.046  0.251E+07  0.709E+10
     92000   0.046  0.973E+07  0.689E+10
     93000   0.047  0.627E+07  0.691E+10
     94000   0.047  0.303E+07  0.725E+10
     95000   0.048  0.237E+07  0.741E+10
     96000   0.048  0.380E+07  0.745E+10
     97000   0.049  0.347E+07  0.754E+10
     98000   0.049  0.195E+07  0.778E+10
     99000   0.050  0.174E+07  0.786E+10
    100000   0.050  0.331E+07  0.792E+10
    101000   0.051  0.368E+07  0.807E+10
    102000   0.051  0.363E+07  0.815E+10
    103000   0.052  0.309E+07  0.815E+10
    104000   0.052  0.390E+07  0.818E+10
    105000   0.053  0.436E+07  0.819E+10
    106000   0.053  0.435E+07  0.826E+10
    107000   0.054  0.367E+07  0.828E+10
    108000   0.054  0.393E+07  0.833E+10
    109000   0.055  0.503E+07  0.835E+10
    110000   0.055  0.500E+07  0.840E+10
    111000   0.056  0.437E+07  0.843E+10
    112000   0.056  0.425E+07  0.853E+10
    113000   0.057  0.304E+07  0.861E+10
    114000   0.057  0.281E+07  0.872E+10
    115000   0.058 -0.424E+07  0.868E+10
    116000   0.058 -0.632E+07  0.876E+10
    117000   0.059 -0.516E+07  0.886E+10
    118000   0.059 -0.304E+07  0.891E+10
    119000   0.060 -0.175E+07  0.882E+10
    120000   0.060  0.370E+09  0.810E+10
    121000   0.061  0.532E+09 -0.436E+11
    122000   0.061  0.351E+09 -0.447E+11
    123000   0.062  0.228E+09 -0.335E+11
    124000   0.062 -0.239E+09 -0.211E+11
    125000   0.063 -0.435E+09 -0.121E+11
    126000   0.063 -0.323E+09 -0.433E+10
    127000   0.064 -0.231E+09  0.747E+10
    128000   0.064 -0.952E+08  0.937E+10
    129000   0.065  0.205E+08  0.862E+10
    130000   0.065  0.313E+08  0.801E+10
    131000   0.066  0.167E+08  0.834E+10
    132000   0.066  0.496E+07  0.849E+10
    133000   0.067 -0.155E+07  0.855E+10
    134000   0.067 -0.168E+07  0.869E+10
    135000   0.068 -0.452E+07  0.900E+10
    136000   0.068 -0.642E+07  0.924E+10
    137000   0.069 -0.598E+07  0.937E+10
    138000   0.069  0.150E+08  0.956E+10
    139000   0.070  0.268E+08  0.731E+10
    140000   0.070  0.319E+08  0.665E+10
    141000   0.071  0.227E+08  0.716E+10
    142000   0.071 -0.586E+07  0.756E+10
    143000   0.072 -0.133E+08  0.807E+10
    144000   0.072 -0.154E+08  0.822E+10
    145000   0.073 -0.124E+08  0.859E+10
    146000   0.073 -0.109E+08  0.903E+10
    147000   0.074 -0.106E+08  0.931E+10
    148000   0.074 -0.645E+07  0.942E+10
    149000   0.075 -0.451E+07  0.959E+10
    150000   0.075 -0.487E+07  0.970E+10
    151000   0.076 -0.352E+07  0.970E+10
    152000   0.076 -0.241E+07  0.972E+10
    153000   0.077 -0.271E+07  0.982E+10
    154000   0.077 -0.331E+07  0.985E+10
    155000   0.078 -0.356E+07  0.986E+10
    156000   0.078 -0.300E+07  0.988E+10
    157000   0.079 -0.303E+07  0.989E+10
    158000   0.079 -0.303E+07  0.982E+10
    159000   0.080 -0.207E+07  0.981E+10
    160000   0.080  0.469E+09  0.744E+10
    161000   0.081  0.505E+09 -0.478E+11
    162000   0.081  0.330E+09 -0.411E+11
    163000   0.082  0.109E+09 -0.319E+11
    164000   0.082 -0.280E+09 -0.203E+11
    165000   0.083 -0.406E+09 -0.120E+11
    166000   0.083 -0.302E+09 -0.594E+10
    167000   0.084 -0.173E+09  0.358E+10
    168000   0.084 -0.850E+08  0.711E+10
    169000   0.085  0.235E+06  0.752E+10
    170000   0.085  0.604E+07  0.758E+10
    171000   0.086  0.524E+07  0.756E+10
    172000   0.086  0.361E+07  0.774E+10
    173000   0.087  0.159E+07  0.792E+10
    174000   0.087  0.175E+07  0.802E+10
    175000   0.088  0.168E+07  0.806E+10
    176000   0.088  0.793E+06  0.817E+10
    177000   0.089 -0.841E+05  0.834E+10
    178000   0.089  0.363E+06  0.838E+10
    179000   0.090  0.115E+07  0.844E+10
    180000   0.090  0.175E+07  0.846E+10
    181000   0.091  0.211E+07  0.852E+10
    182000   0.091  0.274E+07  0.845E+10
    183000   0.092  0.234E+07  0.841E+10
    184000   0.092  0.228E+07  0.837E+10
    185000   0.093  0.274E+07  0.847E+10
    186000   0.093  0.134E+07  0.851E+10
    187000   0.094  0.150E+07  0.857E+10
    188000   0.094  0.223E+07  0.854E+10
    189000   0.095  0.340E+07  0.855E+10
    190000   0.095  0.336E+07  0.863E+10
    191000   0.096  0.365E+07  0.871E+10
    192000   0.096  0.337E+07  0.876E+10
    193000   0.097  0.342E+07  0.875E+10
    194000   0.097 -0.763E+05  0.876E+10
    195000   0.098 -0.301E+07  0.873E+10
    196000   0.098 -0.453E+07  0.874E+10
    197000   0.099 -0.437E+07  0.879E+10
    198000   0.099 -0.365E+07  0.890E+10
    199000   0.100 -0.252E+07  0.888E+10
    200000   0.100  0.602E+09 -0.104E+11
    201000   0.101  0.562E+09 -0.664E+11
    202000   0.101  0.402E+09 -0.475E+11
    203000   0.102  0.371E+08 -0.386E+11
    204000   0.102 -0.376E+09 -0.292E+11
    205000   0.103 -0.382E+09 -0.193E+11
    206000   0.103 -0.366E+09 -0.105E+11
    207000   0.104 -0.245E+09  0.936E+09
    208000   0.104 -0.986E+08  0.541E+10
    209000   0.105 -0.169E+08  0.691E+10
    210000   0.105  0.314E+07  0.687E+10
    211000   0.106  0.951E+07  0.665E+10
    212000   0.106  0.621E+07  0.679E+10
    213000   0.107  0.324E+07  0.703E+10
    214000   0.107  0.339E+07  0.700E+10
    215000   0.108  0.538E+07  0.692E+10
    216000   0.108  0.472E+07  0.691E+10
    217000   0.109  0.452E+07  0.699E+10
    218000   0.109  0.421E+07  0.708E+10
    219000   0.110  0.438E+07  0.718E+10
    220000   0.110  0.498E+07  0.717E+10
    221000   0.111  0.401E+07  0.728E+10
    222000   0.111  0.329E+07  0.730E+10
    223000   0.112  0.353E+07  0.734E+10
    224000   0.113  0.257E+07  0.730E+10
    225000   0.113  0.194E+07  0.726E+10
    226000   0.114  0.140E+07  0.733E+10
    227000   0.114  0.108E+07  0.743E+10
    228000   0.115  0.339E+06  0.744E+10
    229000   0.115  0.172E+06  0.750E+10
    230000   0.116  0.746E+06  0.765E+10
    231000   0.116  0.151E+07  0.770E+10
    232000   0.117  0.321E+07  0.779E+10
    233000   0.117  0.315E+07  0.793E+10
    234000   0.118  0.327E+07  0.794E+10
    235000   0.118  0.314E+07  0.795E+10
    236000   0.119  0.253E+07  0.795E+10
    237000   0.119  0.967E+06  0.799E+10
    238000   0.120 -0.524E+06  0.793E+10
    239000   0.120  0.190E+09  0.776E+10
    240000   0.121  0.577E+09 -0.273E+11
    241000   0.121  0.470E+09 -0.597E+11
    242000   0.122  0.323E+09 -0.401E+11
    243000   0.122 -0.732E+08 -0.285E+11
    244000   0.123 -0.476E+09 -0.170E+11
    245000   0.123 -0.441E+09 -0.944E+10
    246000   0.124 -0.274E+09 -0.851E+09
    247000   0.124 -0.159E+09  0.712E+10
    248000   0.125  0.400E+07  0.717E+10
    249000   0.125  0.231E+08  0.677E+10
    250000   0.126  0.930E+07  0.669E+10
    251000   0.126  0.681E+06  0.711E+10
    252000   0.127 -0.568E+07  0.726E+10
    253000   0.127 -0.504E+07  0.744E+10
    254000   0.128 -0.635E+07  0.771E+10
    255000   0.128 -0.669E+07  0.792E+10
    256000   0.129 -0.618E+07  0.809E+10
    257000   0.129 -0.416E+07  0.820E+10
    258000   0.130 -0.307E+07  0.834E+10
    259000   0.130 -0.259E+07  0.841E+10
    260000   0.131 -0.190E+07  0.845E+10
    261000   0.131 -0.126E+07  0.848E+10
    262000   0.132 -0.462E+06  0.853E+10
    263000   0.132 -0.492E+06  0.853E+10
    264000   0.133 -0.525E+06  0.854E+10
    265000   0.133 -0.178E+06  0.860E+10
    266000   0.134 -0.113E+07  0.867E+10
    267000   0.134 -0.186E+07  0.856E+10
    268000   0.135 -0.306E+07  0.857E+10
    269000   0.135 -0.533E+07  0.868E+10
    270000   0.136 -0.538E+07  0.905E+10
    271000   0.136 -0.612E+07  0.934E+10
    272000   0.137 -0.671E+07  0.950E+10
    273000   0.137 -0.376E+07  0.958E+10
    274000   0.138 -0.195E+07  0.965E+10
    275000   0.138 -0.109E+07  0.966E+10
    276000   0.139  0.174E+06  0.963E+10
    277000   0.139  0.169E+07  0.958E+10
    278000   0.140  0.271E+07  0.957E+10
    279000   0.140  0.325E+09  0.868E+10
    280000   0.141  0.664E+09 -0.497E+11
    281000   0.141  0.509E+09 -0.675E+11
    282000   0.142  0.360E+09 -0.448E+11
    283000   0.142 -0.174E+09 -0.333E+11
    284000   0.143 -0.514E+09 -0.226E+11
    285000   0.143 -0.425E+09 -0.133E+11
    286000   0.144 -0.294E+09 -0.378E+10
    287000   0.144 -0.169E+09  0.385E+10
    288000   0.145 -0.412E+08  0.642E+10
    289000   0.145 -0.103E+08  0.731E+10
    290000   0.146 -0.130E+07  0.742E+10
    291000   0.146  0.599E+07  0.736E+10
    292000   0.147  0.723E+07  0.742E+10
    293000   0.147  0.361E+07  0.743E+10
    294000   0.148  0.296E+07  0.738E+10
    295000   0.148  0.213E+07  0.736E+10
    296000   0.149  0.159E+07  0.749E+10
    297000   0.149  0.173E+07  0.758E+10
    298000   0.150  0.197E+07  0.759E+10
    299000   0.150  0.277E+07  0.753E+10
    300000   0.151  0.253E+07  0.766E+10
    301000   0.151  0.123E+07  0.772E+10
    302000   0.152  0.958E+06  0.773E+10
    303000   0.152  0.108E+07  0.766E+10
    304000   0.153  0.181E+07  0.773E+10
    305000   0.153  0.180E+07  0.778E+10
    306000   0.154  0.157E+07  0.780E+10
    307000   0.154  0.198E+07  0.778E+10
    308000   0.155  0.141E+07  0.786E+10
    309000   0.155  0.103E+07  0.786E+10
    310000   0.156  0.212E+07  0.795E+10
    311000   0.156  0.342E+07  0.795E+10
    312000   0.157  0.381E+07  0.795E+10
    313000   0.157  0.318E+07  0.790E+10
    314000   0.158  0.207E+07  0.796E+10
    315000   0.158  0.195E+07  0.803E+10
    316000   0.159  0.123E+07  0.816E+10
    317000   0.159  0.177E+07  0.813E+10
    318000   0.160  0.143E+07  0.804E+10
    319000   0.160  0.364E+09  0.744E+10
    320000   0.161  0.562E+09 -0.575E+11
    321000   0.161  0.414E+09 -0.555E+11
    322000   0.162  0.267E+09 -0.359E+11
    323000   0.162 -0.269E+09 -0.216E+11
    324000   0.163 -0.524E+09 -0.111E+11
    325000   0.163 -0.361E+09 -0.601E+10
    326000   0.164 -0.222E+09  0.605E+10
    327000   0.164 -0.103E+09  0.780E+10
    328000   0.165  0.166E+08  0.696E+10
    329000   0.165  0.153E+08  0.701E+10
    330000   0.166 -0.229E+06  0.798E+10
    331000   0.166 -0.765E+07  0.773E+10
    332000   0.167 -0.243E+07  0.783E+10
    333000   0.167 -0.395E+07  0.825E+10
    334000   0.168 -0.718E+07  0.856E+10
    335000   0.168 -0.601E+07  0.860E+10
    336000   0.169 -0.324E+07  0.887E+10
    337000   0.169 -0.289E+07  0.903E+10
    338000   0.170 -0.197E+07  0.913E+10
    339000   0.170 -0.229E+07  0.921E+10
    340000   0.171 -0.274E+07  0.924E+10
    341000   0.171 -0.276E+07  0.928E+10
    342000   0.172 -0.222E+07  0.928E+10
    343000   0.172  0.820E+05  0.926E+10
    344000   0.173 -0.455E+05  0.901E+10
    345000   0.173 -0.606E+06  0.909E+10
    346000   0.174 -0.157E+07  0.919E+10
    347000   0.174 -0.430E+07  0.917E+10
    348000   0.175 -0.469E+07  0.939E+10
    349000   0.175 -0.588E+07  0.959E+10
    350000   0.176 -0.553E+07  0.970E+10
    351000   0.176 -0.414E+07  0.976E+10
    352000   0.177 -0.281E+07  0.985E+10
    353000   0.177 -0.192E+07  0.998E+10
    354000   0.178 -0.128E+07  0.100E+11
    355000   0.178 -0.618E+06  0.101E+11
    356000   0.179 -0.708E+06  0.101E+11
    357000   0.179 -0.754E+06  0.101E+11
    358000   0.180 -0.999E+06  0.101E+11
    359000   0.180  0.503E+09  0.880E+10
    360000   0.181  0.618E+09 -0.698E+11
    361000   0.181  0.440E+09 -0.555E+11
    362000   0.182  0.187E+09 -0.400E+11
    363000   0.182 -0.360E+09 -0.269E+11
    364000   0.183 -0.505E+09 -0.173E+11
    365000   0.183 -0.350E+09 -0.105E+11
    366000   0.184 -0.234E+09  0.107E+10
    367000   0.184 -0.114E+09  0.566E+10
    368000   0.185 -0.202E+08  0.711E+10
    369000   0.185 -0.115E+08  0.767E+10
    370000   0.186 -0.510E+07  0.771E+10
    371000   0.186 -0.669E+06  0.774E+10
    372000   0.187  0.135E+07  0.774E+10
    373000   0.187  0.326E+06  0.785E+10
    374000   0.188  0.111E+07  0.778E+10
    375000   0.188  0.130E+07  0.781E+10
    376000   0.189  0.109E+07  0.785E+10
    377000   0.189  0.820E+06  0.789E+10
    378000   0.190  0.865E+06  0.788E+10
    379000   0.190  0.125E+07  0.793E+10
    380000   0.191  0.237E+07  0.797E+10
    381000   0.191  0.173E+07  0.797E+10
    382000   0.192  0.121E+07  0.795E+10
    383000   0.192  0.104E+07  0.800E+10
    384000   0.193  0.109E+07  0.803E+10
    385000   0.193  0.224E+05  0.803E+10
    386000   0.194  0.825E+06  0.804E+10
    387000   0.194  0.728E+06  0.813E+10
    388000   0.195  0.455E+05  0.812E+10
    389000   0.195  0.377E+06  0.804E+10
    390000   0.196 -0.155E+05  0.812E+10
    391000   0.196 -0.526E+06  0.818E+10
    392000   0.197 -0.708E+05  0.820E+10
    393000   0.197 -0.157E+06  0.813E+10
    394000   0.198  0.107E+07  0.825E+10
    395000   0.198  0.149E+05  0.836E+10
    396000   0.199  0.500E+05  0.833E+10
    397000   0.199 -0.299E+05  0.830E+10
    398000   0.200  0.563E+06  0.835E+10
    399000   0.200  0.589E+09 -0.191E+10
    400000   0.201  0.582E+09 -0.763E+11
    401000   0.201  0.419E+09 -0.498E+11
    402000   0.202  0.288E+08 -0.378E+11
    403000   0.202 -0.446E+09 -0.250E+11
    404000   0.203 -0.475E+09 -0.162E+11
    405000   0.203 -0.323E+09 -0.879E+10
    406000   0.204 -0.229E+09  0.249E+10
    407000   0.204 -0.810E+08  0.537E+10
    408000   0.205 -0.212E+08  0.667E+10
    409000   0.205 -0.130E+08  0.708E+10
    410000   0.206 -0.297E+07  0.709E+10
    411000   0.206  0.803E+06  0.715E+10
    412000   0.207  0.644E+06  0.717E+10
    413000   0.207  0.208E+07  0.722E+10
    414000   0.208  0.256E+07  0.713E+10
    415000   0.208  0.197E+07  0.706E+10
    416000   0.209  0.485E+06  0.707E+10
    417000   0.209  0.138E+06  0.714E+10
    418000   0.210  0.917E+06  0.725E+10
    419000   0.210  0.319E+07  0.726E+10
    420000   0.211  0.441E+07  0.719E+10
    421000   0.211  0.203E+07  0.720E+10
    422000   0.212  0.888E+06  0.719E+10
    423000   0.212 -0.167E+06  0.730E+10
    424000   0.213 -0.643E+06  0.727E+10
    425000   0.213 -0.106E+07  0.731E+10
    426000   0.214 -0.121E+07  0.734E+10
    427000   0.214 -0.113E+07  0.745E+10
    428000   0.215 -0.795E+06  0.743E+10
    429000   0.215 -0.113E+07  0.746E+10
    430000   0.216 -0.103E+07  0.747E+10
    431000   0.216  0.752E+06  0.756E+10
    432000   0.217  0.150E+07  0.759E+10
    433000   0.217  0.265E+07  0.750E+10
    434000   0.218  0.240E+07  0.752E+10
    435000   0.218  0.150E+07  0.757E+10
    436000   0.219  0.973E+06  0.754E+10
    437000   0.219  0.120E+06  0.755E+10
    438000   0.220  0.188E+09  0.724E+10
    439000   0.220  0.628E+09 -0.313E+11
    440000   0.221  0.512E+09 -0.692E+11
    441000   0.221  0.370E+09 -0.435E+11
    442000   0.222 -0.107E+09 -0.302E+11
    443000   0.222 -0.542E+09 -0.179E+11
    444000   0.223 -0.416E+09 -0.133E+11
    445000   0.224 -0.280E+09 -0.426E+10
    446000   0.224 -0.218E+09  0.598E+10
    447000   0.225 -0.673E+07  0.604E+10
    448000   0.225  0.782E+07  0.635E+10
    449000   0.226 -0.778E+07  0.689E+10
    450000   0.226 -0.114E+08  0.690E+10
    451000   0.227 -0.605E+07  0.694E+10
    452000   0.227 -0.637E+07  0.726E+10
    453000   0.228 -0.912E+07  0.748E+10
    454000   0.228 -0.446E+07  0.748E+10
    455000   0.229 -0.326E+07  0.771E+10
    456000   0.229 -0.377E+07  0.763E+10
    457000   0.230 -0.385E+07  0.776E+10
    458000   0.230 -0.555E+07  0.783E+10
    459000   0.231 -0.581E+07  0.797E+10
    460000   0.231 -0.591E+07  0.801E+10
    461000   0.232 -0.557E+07  0.809E+10
    462000   0.232 -0.540E+07  0.812E+10
    463000   0.233 -0.485E+07  0.818E+10
    464000   0.233 -0.439E+07  0.823E+10
    465000   0.234 -0.375E+07  0.827E+10
    466000   0.234 -0.333E+07  0.829E+10
    467000   0.235 -0.222E+07  0.832E+10
    468000   0.235 -0.905E+06  0.837E+10
    469000   0.236 -0.453E+07  0.823E+10
    470000   0.236 -0.709E+07  0.845E+10
    471000   0.237 -0.900E+07  0.877E+10
    472000   0.237 -0.103E+08  0.888E+10
    473000   0.238 -0.673E+07  0.913E+10
    474000   0.238 -0.500E+07  0.935E+10
    475000   0.239 -0.383E+07  0.940E+10
    476000   0.239 -0.997E+06  0.932E+10
    477000   0.240  0.819E+06  0.936E+10
    478000   0.240  0.311E+09  0.833E+10
    479000   0.241  0.688E+09 -0.593E+11
    480000   0.241  0.519E+09 -0.750E+11
    481000   0.242  0.376E+09 -0.462E+11
    482000   0.242 -0.222E+09 -0.325E+11
    483000   0.243 -0.523E+09 -0.217E+11
    484000   0.243 -0.404E+09 -0.158E+11
    485000   0.244 -0.285E+09 -0.540E+10
    486000   0.244 -0.203E+09  0.264E+10
    487000   0.245 -0.575E+08  0.519E+10
    488000   0.245 -0.284E+08  0.641E+10
    489000   0.246 -0.204E+08  0.687E+10
    490000   0.246 -0.664E+07  0.700E+10
    491000   0.247  0.192E+07  0.711E+10
    492000   0.247  0.463E+07  0.703E+10
    493000   0.248  0.466E+07  0.697E+10
    494000   0.248  0.231E+07  0.691E+10
    495000   0.249  0.965E+06  0.692E+10
    496000   0.249  0.122E+07  0.701E+10
    497000   0.250  0.118E+07  0.689E+10
    498000   0.250  0.747E+06  0.696E+10
    499000   0.251 -0.641E+06  0.702E+10
    500000   0.251  0.193E+06  0.708E+10
    501000   0.252  0.149E+07  0.701E+10
    502000   0.252 -0.135E+07  0.710E+10
    503000   0.253 -0.228E+07  0.706E+10
    504000   0.253 -0.175E+07  0.722E+10
    505000   0.254 -0.152E+07  0.724E+10
    506000   0.254 -0.241E+06  0.729E+10
    507000   0.255  0.120E+06  0.725E+10
    508000   0.255  0.720E+06  0.734E+10
    509000   0.256  0.458E+06  0.734E+10
    510000   0.256  0.419E+06  0.735E+10
    511000   0.257  0.539E+06  0.732E+10
    512000   0.257  0.113E+07  0.742E+10
    513000   0.258  0.213E+07  0.744E+10
    514000   0.258  0.291E+07  0.744E+10
    515000   0.259  0.215E+07  0.738E+10
    516000   0.259  0.225E+07  0.739E+10
    517000   0.260  0.207E+07  0.742E+10
    518000   0.260  0.379E+09  0.648E+10
    519000   0.261  0.604E+09 -0.648E+11
    520000   0.261  0.439E+09 -0.616E+11
    521000   0.262  0.289E+09 -0.397E+11
    522000   0.262 -0.307E+09 -0.229E+11
    523000   0.263 -0.514E+09 -0.150E+11
    524000   0.263 -0.349E+09 -0.115E+11
    525000   0.264 -0.246E+09  0.413E+10
    526000   0.264 -0.136E+09  0.534E+10
    527000   0.265 -0.351E+07  0.504E+10
    528000   0.265 -0.794E+07  0.614E+10
    529000   0.266 -0.204E+08  0.682E+10
    530000   0.266 -0.138E+08  0.658E+10
    531000   0.267 -0.435E+07  0.697E+10
    532000   0.267  0.559E+06  0.741E+10
    533000   0.268  0.164E+07  0.643E+10
    534000   0.268  0.717E+07  0.635E+10
    535000   0.269 -0.319E+07  0.676E+10
    536000   0.269 -0.908E+07  0.700E+10
    537000   0.270 -0.898E+07  0.694E+10
    538000   0.270 -0.423E+07  0.719E+10
    539000   0.271 -0.641E+07  0.746E+10
    540000   0.271 -0.646E+07  0.730E+10
    541000   0.272 -0.534E+07  0.745E+10
    542000   0.272 -0.764E+07  0.763E+10
    543000   0.273 -0.793E+07  0.774E+10
    544000   0.273 -0.544E+07  0.776E+10
    545000   0.274 -0.375E+07  0.790E+10
    546000   0.274 -0.442E+07  0.799E+10
    547000   0.275 -0.430E+07  0.806E+10
    548000   0.275 -0.418E+07  0.813E+10
    549000   0.276 -0.427E+07  0.822E+10
    550000   0.276 -0.469E+07  0.829E+10
    551000   0.277 -0.437E+07  0.837E+10
    552000   0.277 -0.493E+07  0.844E+10
    553000   0.278 -0.535E+07  0.847E+10
    554000   0.278 -0.460E+07  0.851E+10
    555000   0.279 -0.378E+07  0.857E+10
    556000   0.279 -0.191E+07  0.866E+10
    557000   0.280 -0.368E+07  0.846E+10
    558000   0.280  0.482E+09  0.718E+10
    559000   0.281  0.633E+09 -0.767E+11
    560000   0.281  0.445E+09 -0.597E+11
    561000   0.282  0.208E+09 -0.409E+11
    562000   0.282 -0.393E+09 -0.273E+11
    563000   0.283 -0.481E+09 -0.196E+11
    564000   0.283 -0.353E+09 -0.138E+11
    565000   0.284 -0.270E+09  0.261E+09
    566000   0.284 -0.122E+09  0.398E+10
    567000   0.285 -0.395E+08  0.545E+10
    568000   0.285 -0.314E+08  0.663E+10
    569000   0.286 -0.245E+08  0.704E+10
    570000   0.286 -0.138E+08  0.734E+10
    571000   0.287 -0.785E+07  0.756E+10
    572000   0.287 -0.372E+07  0.767E+10
    573000   0.288  0.574E+06  0.764E+10
    574000   0.288  0.343E+07  0.765E+10
    575000   0.289  0.158E+07  0.763E+10
    576000   0.289  0.137E+07  0.753E+10
    577000   0.290  0.156E+07  0.756E+10
    578000   0.290  0.945E+06  0.754E+10
    579000   0.291  0.165E+06  0.753E+10
    580000   0.291  0.836E+06  0.749E+10
    581000   0.292  0.694E+06  0.751E+10
    582000   0.292 -0.370E+06  0.750E+10
    583000   0.293 -0.528E+06  0.749E+10
    584000   0.293 -0.694E+06  0.750E+10
    585000   0.294 -0.522E+06  0.753E+10
    586000   0.294 -0.686E+06  0.753E+10
    587000   0.295 -0.356E+06  0.753E+10
    588000   0.295 -0.411E+06  0.754E+10
    589000   0.296  0.138E+07  0.758E+10
    590000   0.296  0.311E+06  0.754E+10
    591000   0.297  0.995E+05  0.744E+10
    592000   0.297 -0.255E+06  0.753E+10
    593000   0.298 -0.990E+06  0.758E+10
    594000   0.298  0.703E+05  0.755E+10
    595000   0.299  0.842E+06  0.753E+10
    596000   0.299  0.135E+07  0.754E+10
    597000   0.300  0.776E+06  0.755E+10
    598000   0.300  0.643E+09  0.528E+10
    599000   0.301  0.627E+09 -0.810E+11
    600000   0.301  0.416E+09 -0.532E+11
    601000   0.302  0.145E+08 -0.400E+11
    602000   0.302 -0.493E+09 -0.252E+11
    603000   0.303 -0.479E+09 -0.195E+11
    604000   0.303 -0.325E+09 -0.120E+11
    605000   0.304 -0.281E+09  0.958E+09
    606000   0.304 -0.920E+08  0.379E+10
    607000   0.305 -0.394E+08  0.523E+10
    608000   0.305 -0.320E+08  0.608E+10
    609000   0.306 -0.186E+08  0.641E+10
    610000   0.306 -0.784E+07  0.653E+10
    611000   0.307 -0.276E+07  0.655E+10
    612000   0.307 -0.103E+06  0.653E+10
    613000   0.308  0.464E+06  0.653E+10
    614000   0.308 -0.929E+06  0.655E+10
    615000   0.309 -0.746E+06  0.653E+10
    616000   0.309 -0.473E+06  0.655E+10
    617000   0.310 -0.993E+06  0.654E+10
    618000   0.310 -0.361E+06  0.654E+10
    619000   0.311  0.112E+06  0.660E+10
    620000   0.311  0.262E+06  0.658E+10
    621000   0.312  0.472E+05  0.655E+10
    622000   0.312  0.365E+06  0.657E+10
    623000   0.313 -0.441E+06  0.663E+10
    624000   0.313  0.804E+06  0.660E+10
    625000   0.314 -0.168E+06  0.659E+10
    626000   0.314  0.241E+06  0.656E+10
    627000   0.315 -0.221E+06  0.665E+10
    628000   0.315 -0.409E+06  0.664E+10
    629000   0.316 -0.189E+06  0.664E+10
    630000   0.316  0.742E+05  0.659E+10
    631000   0.317  0.110E+06  0.667E+10
    632000   0.317 -0.102E+07  0.663E+10
    633000   0.318 -0.261E+06  0.666E+10
    634000   0.318 -0.991E+06  0.665E+10
    635000   0.319  0.132E+06  0.671E+10
    636000   0.319  0.271E+06  0.671E+10
    637000   0.320  0.160E+09  0.640E+10
    638000   0.320  0.626E+09 -0.315E+11
    639000   0.321  0.514E+09 -0.721E+11
    640000   0.321  0.355E+09 -0.429E+11
    641000   0.322 -0.133E+09 -0.283E+11
    642000   0.322 -0.520E+09 -0.167E+11
    643000   0.323 -0.381E+09 -0.163E+11
    644000   0.323 -0.268E+09 -0.641E+10
    645000   0.324 -0.252E+09  0.438E+10
    646000   0.324 -0.342E+08  0.404E+10
    647000   0.325 -0.207E+08  0.453E+10
    648000   0.325 -0.303E+08  0.584E+10
    649000   0.326 -0.256E+08  0.589E+10
    650000   0.326 -0.125E+08  0.616E+10
    651000   0.327 -0.123E+08  0.658E+10
    652000   0.327 -0.120E+08  0.667E+10
    653000   0.328 -0.769E+07  0.668E+10
    654000   0.328 -0.640E+07  0.687E+10
    655000   0.329 -0.615E+07  0.701E+10
    656000   0.329 -0.466E+07  0.709E+10
    657000   0.330 -0.299E+07  0.712E+10
    658000   0.330 -0.315E+07  0.704E+10
    659000   0.331 -0.377E+07  0.709E+10
    660000   0.331 -0.408E+07  0.718E+10
    661000   0.332 -0.303E+07  0.726E+10
    662000   0.332 -0.339E+07  0.708E+10
    663000   0.333 -0.321E+07  0.719E+10
    664000   0.333 -0.496E+07  0.730E+10
    665000   0.334 -0.720E+07  0.738E+10
    666000   0.334 -0.658E+07  0.734E+10
    667000   0.335 -0.564E+07  0.748E+10
    668000   0.336 -0.519E+07  0.754E+10
    669000   0.336 -0.509E+07  0.762E+10
    670000   0.337 -0.472E+07  0.760E+10
    671000   0.337 -0.488E+07  0.771E+10
    672000   0.338 -0.511E+07  0.781E+10
    673000   0.338 -0.543E+07  0.808E+10
    674000   0.339 -0.771E+07  0.820E+10
    675000   0.339 -0.569E+07  0.824E+10
    676000   0.340 -0.325E+07  0.826E+10
    677000   0.340  0.317E+09  0.726E+10
    678000   0.341  0.718E+09 -0.634E+11
    679000   0.341  0.532E+09 -0.795E+11
    680000   0.342  0.378E+09 -0.466E+11
    681000   0.342 -0.251E+09 -0.322E+11
    682000   0.343 -0.508E+09 -0.212E+11
    683000   0.343 -0.405E+09 -0.185E+11
    684000   0.344 -0.292E+09 -0.662E+10
    685000   0.344 -0.242E+09  0.174E+10
    686000   0.345 -0.661E+08  0.350E+10
    687000   0.345 -0.495E+08  0.520E+10
    688000   0.346 -0.395E+08  0.607E+10
    689000   0.346 -0.200E+08  0.639E+10
    690000   0.347 -0.842E+07  0.654E+10
    691000   0.347 -0.109E+07  0.659E+10
    692000   0.348  0.110E+07  0.656E+10
    693000   0.348  0.208E+07  0.656E+10
    694000   0.349  0.101E+07  0.651E+10
    695000   0.349 -0.246E+06  0.655E+10
    696000   0.350 -0.113E+07  0.654E+10
    697000   0.350 -0.101E+07  0.660E+10
    698000   0.351 -0.577E+06  0.660E+10
    699000   0.351 -0.196E+07  0.660E+10
    700000   0.352 -0.186E+07  0.662E+10
    701000   0.352 -0.131E+07  0.666E+10
    702000   0.353 -0.208E+07  0.668E+10
    703000   0.353 -0.148E+07  0.670E+10
    704000   0.354 -0.142E+07  0.672E+10
    705000   0.354 -0.954E+06  0.672E+10
    706000   0.355 -0.175E+07  0.677E+10
    707000   0.355 -0.194E+07  0.677E+10
    708000   0.356 -0.111E+07  0.681E+10
    709000   0.356 -0.172E+07  0.684E+10
    710000   0.357 -0.988E+06  0.683E+10
    711000   0.357  0.885E+04  0.687E+10
    712000   0.358 -0.464E+06  0.686E+10
    713000   0.358 -0.129E+06  0.687E+10
    714000   0.359 -0.889E+06  0.689E+10
    715000   0.359 -0.316E+06  0.689E+10
    716000   0.360 -0.243E+06  0.691E+10
    717000   0.360  0.365E+09  0.587E+10
    718000   0.361  0.611E+09 -0.674E+11
    719000   0.361  0.449E+09 -0.660E+11
    720000   0.362  0.312E+09 -0.391E+11
    721000   0.362 -0.306E+09 -0.229E+11
    722000   0.363 -0.480E+09 -0.191E+11
    723000   0.363 -0.337E+09 -0.158E+11
    724000   0.364 -0.258E+09  0.163E+10
    725000   0.364 -0.184E+09  0.316E+10
    726000   0.365 -0.366E+08  0.302E+10
    727000   0.365 -0.389E+08  0.494E+10
    728000   0.366 -0.442E+08  0.593E+10
    729000   0.366 -0.199E+08  0.590E+10
    730000   0.367 -0.127E+08  0.619E+10
    731000   0.367 -0.146E+08  0.676E+10
    732000   0.368 -0.132E+08  0.686E+10
    733000   0.368 -0.774E+07  0.693E+10
    734000   0.369 -0.700E+07  0.710E+10
    735000   0.369 -0.788E+07  0.727E+10
    736000   0.370 -0.788E+07  0.738E+10
    737000   0.370 -0.159E+07  0.750E+10
    738000   0.371 -0.273E+07  0.758E+10
    739000   0.371 -0.231E+07  0.722E+10
    740000   0.372 -0.151E+07  0.737E+10
    741000   0.372 -0.436E+07  0.745E+10
    742000   0.373 -0.606E+07  0.753E+10
    743000   0.373 -0.540E+07  0.740E+10
    744000   0.374 -0.470E+07  0.758E+10
    745000   0.374 -0.660E+07  0.769E+10
    746000   0.375 -0.643E+07  0.780E+10
    747000   0.375 -0.572E+07  0.812E+10
    748000   0.376 -0.104E+08  0.840E+10
    749000   0.376 -0.116E+08  0.857E+10
    750000   0.377 -0.776E+07  0.853E+10
    751000   0.377 -0.496E+07  0.875E+10
    752000   0.378 -0.527E+07  0.880E+10
    753000   0.378 -0.291E+07  0.881E+10
    754000   0.379 -0.205E+07  0.883E+10
    755000   0.379 -0.217E+07  0.891E+10
    756000   0.380 -0.283E+07  0.893E+10
    757000   0.380  0.479E+09  0.726E+10
    758000   0.381  0.663E+09 -0.777E+11
    759000   0.381  0.455E+09 -0.650E+11
    760000   0.382  0.242E+09 -0.406E+11
    761000   0.382 -0.390E+09 -0.258E+11
    762000   0.383 -0.475E+09 -0.224E+11
    763000   0.383 -0.343E+09 -0.164E+11
    764000   0.384 -0.290E+09 -0.162E+10
    765000   0.384 -0.150E+09  0.171E+10
    766000   0.385 -0.644E+08  0.318E+10
    767000   0.385 -0.614E+08  0.520E+10
    768000   0.386 -0.435E+08  0.620E+10
    769000   0.386 -0.259E+08  0.674E+10
    770000   0.387 -0.167E+08  0.709E+10
    771000   0.387 -0.105E+08  0.732E+10
    772000   0.388 -0.437E+07  0.743E+10
    773000   0.388 -0.621E+06  0.745E+10
    774000   0.389  0.160E+07  0.743E+10
    775000   0.389  0.121E+07  0.732E+10
    776000   0.390  0.821E+06  0.741E+10
    777000   0.390 -0.138E+06  0.736E+10
    778000   0.391  0.210E+05  0.737E+10
    779000   0.391 -0.731E+06  0.732E+10
    780000   0.392  0.113E+06  0.737E+10
    781000   0.392 -0.689E+06  0.732E+10
    782000   0.393  0.138E+06  0.732E+10
    783000   0.393 -0.333E+06  0.733E+10
    784000   0.394 -0.348E+06  0.731E+10
    785000   0.394 -0.303E+06  0.725E+10
    786000   0.395 -0.351E+06  0.729E+10
    787000   0.395 -0.993E+06  0.726E+10
    788000   0.396 -0.566E+06  0.726E+10
    789000   0.396 -0.450E+06  0.728E+10
    790000   0.397 -0.795E+06  0.727E+10
    791000   0.397 -0.561E+06  0.725E+10
    792000   0.398 -0.546E+06  0.724E+10
    793000   0.398 -0.102E+07  0.726E+10
    794000   0.399 -0.113E+07  0.725E+10
    795000   0.399 -0.710E+06  0.723E+10
    796000   0.400 -0.102E+07  0.722E+10
    797000   0.400  0.621E+09  0.661E+10
    798000   0.401  0.617E+09 -0.829E+11
    799000   0.401  0.424E+09 -0.541E+11
    800000   0.402  0.279E+08 -0.383E+11
    801000   0.402 -0.480E+09 -0.246E+11
    802000   0.403 -0.457E+09 -0.217E+11
    803000   0.403 -0.326E+09 -0.143E+11
    804000   0.404 -0.298E+09 -0.595E+09
    805000   0.404 -0.117E+09  0.183E+10
    806000   0.405 -0.637E+08  0.319E+10
    807000   0.405 -0.560E+08  0.492E+10
    808000   0.406 -0.388E+08  0.558E+10
    809000   0.406 -0.187E+08  0.576E+10
    810000   0.407 -0.874E+07  0.592E+10
    811000   0.407 -0.479E+07  0.603E+10
    812000   0.408 -0.254E+07  0.599E+10
    813000   0.408 -0.141E+07  0.602E+10
    814000   0.409 -0.124E+07  0.605E+10
    815000   0.409 -0.164E+07  0.605E+10
    816000   0.410 -0.115E+07  0.601E+10
    817000   0.410 -0.857E+06  0.604E+10
    818000   0.411 -0.126E+07  0.605E+10
    819000   0.411 -0.173E+07  0.605E+10
    820000   0.412 -0.424E+06  0.604E+10
    821000   0.412 -0.774E+06  0.605E+10
    822000   0.413 -0.718E+06  0.601E+10
    823000   0.413 -0.107E+07  0.606E+10
    824000   0.414 -0.220E+07  0.606E+10
    825000   0.414 -0.106E+07  0.609E+10
    826000   0.415 -0.164E+07  0.606E+10
    827000   0.415 -0.170E+07  0.606E+10
    828000   0.416 -0.254E+07  0.607E+10
    829000   0.416 -0.154E+07  0.611E+10
    830000   0.417 -0.227E+07  0.614E+10
    831000   0.417 -0.232E+07  0.607E+10
    832000   0.418 -0.208E+07  0.616E+10
    833000   0.418 -0.201E+07  0.621E+10
    834000   0.419 -0.211E+07  0.621E+10
    835000   0.419 -0.189E+07  0.619E+10
    836000   0.420  0.120E+09  0.614E+10
    837000   0.420  0.627E+09 -0.303E+11
    838000   0.421  0.530E+09 -0.757E+11
    839000   0.421  0.388E+09 -0.434E+11
    840000   0.422 -0.134E+09 -0.288E+11
    841000   0.422 -0.504E+09 -0.176E+11
    842000   0.423 -0.387E+09 -0.203E+11
    843000   0.423 -0.276E+09 -0.936E+10
    844000   0.424 -0.277E+09  0.127E+10
    845000   0.424 -0.682E+08  0.198E+10
    846000   0.425 -0.522E+08  0.236E+10
    847000   0.425 -0.566E+08  0.479E+10
    848000   0.426 -0.448E+08  0.499E+10
    849000   0.426 -0.212E+08  0.548E+10
    850000   0.427 -0.179E+08  0.574E+10
    851000   0.427 -0.124E+08  0.583E+10
    852000   0.428 -0.937E+07  0.587E+10
    853000   0.428 -0.587E+07  0.599E+10
    854000   0.429 -0.527E+07  0.611E+10
    855000   0.429 -0.458E+07  0.608E+10
    856000   0.430 -0.399E+07  0.609E+10
    857000   0.430 -0.518E+07  0.615E+10
    858000   0.431 -0.614E+07  0.624E+10
    859000   0.431 -0.611E+07  0.624E+10
    860000   0.432 -0.564E+07  0.631E+10
    861000   0.432 -0.589E+07  0.638E+10
    862000   0.433 -0.612E+07  0.643E+10
    863000   0.433 -0.619E+07  0.646E+10
    864000   0.434 -0.613E+07  0.653E+10
    865000   0.434 -0.566E+07  0.658E+10
    866000   0.435 -0.476E+07  0.662E+10
    867000   0.435 -0.428E+07  0.666E+10
    868000   0.436 -0.433E+07  0.669E+10
    869000   0.436 -0.434E+07  0.674E+10
    870000   0.437 -0.448E+07  0.679E+10
    871000   0.437 -0.621E+07  0.685E+10
    872000   0.438 -0.742E+07  0.702E+10
    873000   0.438 -0.785E+07  0.715E+10
    874000   0.439 -0.583E+07  0.719E+10
    875000   0.439 -0.389E+07  0.723E+10
    876000   0.440  0.313E+09  0.706E+10
    877000   0.440  0.702E+09 -0.623E+11
    878000   0.441  0.531E+09 -0.809E+11
    879000   0.441  0.393E+09 -0.449E+11
    880000   0.442 -0.244E+09 -0.317E+11
    881000   0.442 -0.483E+09 -0.218E+11
    882000   0.443 -0.398E+09 -0.209E+11
    883000   0.443 -0.300E+09 -0.847E+10
    884000   0.444 -0.278E+09  0.288E+09
    885000   0.444 -0.928E+08  0.178E+10
    886000   0.445 -0.675E+08  0.373E+10
    887000   0.445 -0.608E+08  0.516E+10
    888000   0.446 -0.344E+08  0.572E+10
    889000   0.446 -0.175E+08  0.589E+10
    890000   0.447 -0.750E+07  0.612E+10
    891000   0.448 -0.498E+07  0.618E+10
    892000   0.448 -0.254E+07  0.614E+10
    893000   0.449 -0.242E+07  0.620E+10
    894000   0.449 -0.374E+07  0.625E+10
    895000   0.450 -0.395E+07  0.626E+10
    896000   0.450 -0.352E+07  0.633E+10
    897000   0.451 -0.296E+07  0.635E+10
    898000   0.451 -0.260E+07  0.636E+10
    899000   0.452 -0.253E+07  0.635E+10
    900000   0.452 -0.196E+07  0.642E+10
    901000   0.453 -0.262E+07  0.643E+10
    902000   0.453 -0.189E+07  0.639E+10
    903000   0.454 -0.108E+07  0.644E+10
    904000   0.454 -0.157E+07  0.647E+10
    905000   0.455 -0.126E+07  0.644E+10
    906000   0.455 -0.116E+07  0.646E+10
    907000   0.456 -0.112E+07  0.647E+10
    908000   0.456 -0.112E+07  0.650E+10
    909000   0.457 -0.121E+07  0.648E+10
    910000   0.457 -0.137E+07  0.649E+10
    911000   0.458 -0.236E+07  0.651E+10
    912000   0.458 -0.260E+07  0.657E+10
    913000   0.459 -0.210E+07  0.658E+10
    914000   0.459 -0.212E+07  0.660E+10
    915000   0.460 -0.185E+07  0.659E+10
    916000   0.460  0.362E+09  0.646E+10
    917000   0.461  0.622E+09 -0.680E+11
    918000   0.461  0.467E+09 -0.684E+11
    919000   0.462  0.341E+09 -0.384E+11
    920000   0.462 -0.301E+09 -0.223E+11
    921000   0.463 -0.471E+09 -0.214E+11
    922000   0.463 -0.332E+09 -0.184E+11
    923000   0.464 -0.260E+09 -0.779E+09
    924000   0.464 -0.225E+09  0.153E+10
    925000   0.465 -0.663E+08  0.153E+10
    926000   0.465 -0.666E+08  0.313E+10
    927000   0.466 -0.645E+08  0.546E+10
    928000   0.466 -0.317E+08  0.541E+10
    929000   0.467 -0.185E+08  0.546E+10
    930000   0.467 -0.192E+08  0.632E+10
    931000   0.468 -0.181E+08  0.641E+10
    932000   0.468 -0.105E+08  0.654E+10
    933000   0.469 -0.943E+07  0.656E+10
    934000   0.469 -0.957E+07  0.687E+10
    935000   0.470 -0.999E+07  0.695E+10
    936000   0.470 -0.761E+07  0.709E+10
    937000   0.471 -0.791E+07  0.713E+10
    938000   0.471 -0.762E+07  0.726E+10
    939000   0.472 -0.748E+07  0.733E+10
    940000   0.472 -0.644E+07  0.739E+10
    941000   0.473 -0.631E+07  0.746E+10
    942000   0.473 -0.594E+07  0.749E+10
    943000   0.474 -0.573E+07  0.754E+10
    944000   0.474 -0.551E+07  0.758E+10
    945000   0.475 -0.541E+07  0.764E+10
    946000   0.475 -0.523E+07  0.767E+10
    947000   0.476 -0.520E+07  0.772E+10
    948000   0.476 -0.817E+07  0.788E+10
    949000   0.477 -0.113E+08  0.842E+10
    950000   0.477 -0.115E+08  0.851E+10
    951000   0.478 -0.671E+07  0.855E+10
    952000   0.478 -0.508E+07  0.867E+10
    953000   0.479 -0.469E+07  0.877E+10
    954000   0.479 -0.306E+07  0.878E+10
    955000   0.480 -0.211E+07  0.880E+10
    956000   0.480  0.467E+09  0.795E+10
    957000   0.481  0.673E+09 -0.779E+11
    958000   0.481  0.465E+09 -0.672E+11
    959000   0.482  0.280E+09 -0.388E+11
    960000   0.482 -0.374E+09 -0.245E+11
    961000   0.483 -0.460E+09 -0.244E+11
    962000   0.483 -0.336E+09 -0.185E+11
    963000   0.484 -0.295E+09 -0.205E+10
    964000   0.484 -0.178E+09  0.673E+09
    965000   0.485 -0.830E+08  0.170E+10
    966000   0.485 -0.810E+08  0.437E+10
    967000   0.486 -0.697E+08  0.570E+10
    968000   0.486 -0.372E+08  0.643E+10
    969000   0.487 -0.269E+08  0.684E+10
    970000   0.487 -0.190E+08  0.724E+10
    971000   0.488 -0.108E+08  0.746E+10
    972000   0.488 -0.660E+07  0.757E+10
    973000   0.489 -0.392E+07  0.764E+10
    974000   0.489 -0.217E+07  0.768E+10
    975000   0.490 -0.228E+07  0.772E+10
    976000   0.490 -0.221E+07  0.774E+10
    977000   0.491 -0.817E+06  0.776E+10
    978000   0.491 -0.163E+07  0.779E+10
    979000   0.492 -0.225E+07  0.779E+10
    980000   0.492 -0.117E+07  0.783E+10
    981000   0.493 -0.144E+07  0.784E+10
    982000   0.493 -0.146E+07  0.783E+10
    983000   0.494 -0.137E+07  0.786E+10
    984000   0.494 -0.113E+07  0.788E+10
    985000   0.495 -0.132E+07  0.787E+10
    986000   0.495 -0.131E+07  0.784E+10
    987000   0.496 -0.230E+07  0.790E+10
    988000   0.496 -0.241E+07  0.791E+10
    989000   0.497 -0.129E+07  0.793E+10
    990000   0.497 -0.133E+07  0.792E+10
    991000   0.498 -0.102E+07  0.791E+10
    992000   0.498 -0.158E+07  0.790E+10
    993000   0.499 -0.195E+07  0.792E+10
    994000   0.499 -0.222E+07  0.794E+10
    995000   0.500 -0.231E+07  0.795E+10
    996000   0.500  0.606E+09  0.761E+10
    997000   0.501  0.613E+09 -0.814E+11
    998000   0.501  0.436E+09 -0.572E+11
    999000   0.502  0.641E+08 -0.366E+11
   1000000   0.502 -0.467E+09 -0.233E+11
   1001000   0.503 -0.440E+09 -0.236E+11
   1002000   0.503 -0.330E+09 -0.157E+11
   1003000   0.504 -0.308E+09 -0.884E+09
   1004000   0.504 -0.144E+09  0.133E+10
   1005000   0.505 -0.776E+08  0.217E+10
   1006000   0.505 -0.751E+08  0.464E+10
   1007000   0.506 -0.611E+08  0.581E+10
   1008000   0.506 -0.317E+08  0.624E+10
   1009000   0.507 -0.188E+08  0.653E+10
   1010000   0.507 -0.116E+08  0.679E+10
   1011000   0.508 -0.652E+07  0.687E+10
   1012000   0.508 -0.420E+07  0.685E+10
   1013000   0.509 -0.368E+07  0.693E+10
   1014000   0.509 -0.356E+07  0.700E+10
   1015000   0.510 -0.212E+07  0.706E+10
   1016000   0.510 -0.168E+07  0.701E+10
   1017000   0.511 -0.142E+07  0.701E+10
   1018000   0.511 -0.172E+07  0.707E+10
   1019000   0.512 -0.142E+07  0.707E+10
   1020000   0.512 -0.550E+06  0.706E+10
   1021000   0.513 -0.163E+07  0.705E+10
   1022000   0.513 -0.260E+07  0.710E+10
   1023000   0.514 -0.247E+07  0.712E+10
   1024000   0.514 -0.288E+07  0.715E+10
   1025000   0.515 -0.235E+07  0.714E+10
   1026000   0.515 -0.150E+07  0.715E+10
   1027000   0.516 -0.100E+07  0.716E+10
   1028000   0.516 -0.180E+07  0.716E+10
   1029000   0.517 -0.201E+07  0.713E+10
   1030000   0.517 -0.252E+07  0.717E+10
   1031000   0.518 -0.337E+07  0.720E+10
   1032000   0.518 -0.342E+07  0.724E+10
   1033000   0.519 -0.312E+07  0.724E+10
   1034000   0.519 -0.282E+07  0.726E+10
   1035000   0.520  0.125E+09  0.711E+10
   1036000   0.520  0.640E+09 -0.283E+11
   1037000   0.521  0.567E+09 -0.789E+11
   1038000   0.521  0.424E+09 -0.446E+11
   1039000   0.522 -0.127E+09 -0.299E+11
   1040000   0.522 -0.507E+09 -0.178E+11
   1041000   0.523 -0.404E+09 -0.233E+11
   1042000   0.523 -0.282E+09 -0.113E+11
   1043000   0.524 -0.292E+09  0.677E+09
   1044000   0.524 -0.958E+08  0.126E+10
   1045000   0.525 -0.757E+08  0.122E+10
   1046000   0.525 -0.783E+08  0.469E+10
   1047000   0.526 -0.639E+08  0.522E+10
   1048000   0.526 -0.284E+08  0.580E+10
   1049000   0.527 -0.241E+08  0.620E+10
   1050000   0.527 -0.171E+08  0.644E+10
   1051000   0.528 -0.112E+08  0.651E+10
   1052000   0.528 -0.800E+07  0.658E+10
   1053000   0.529 -0.713E+07  0.676E+10
   1054000   0.529 -0.586E+07  0.679E+10
   1055000   0.530 -0.488E+07  0.681E+10
   1056000   0.530 -0.476E+07  0.683E+10
   1057000   0.531 -0.531E+07  0.693E+10
   1058000   0.531 -0.601E+07  0.694E+10
   1059000   0.532 -0.524E+07  0.697E+10
   1060000   0.532 -0.526E+07  0.699E+10
   1061000   0.533 -0.524E+07  0.702E+10
   1062000   0.533 -0.527E+07  0.704E+10
   1063000   0.534 -0.489E+07  0.707E+10
   1064000   0.534 -0.480E+07  0.709E+10
   1065000   0.535 -0.452E+07  0.711E+10
   1066000   0.535 -0.445E+07  0.714E+10
   1067000   0.536 -0.441E+07  0.719E+10
   1068000   0.536 -0.436E+07  0.722E+10
   1069000   0.537 -0.421E+07  0.725E+10
   1070000   0.537 -0.427E+07  0.735E+10
   1071000   0.538 -0.584E+07  0.743E+10
   1072000   0.538 -0.587E+07  0.748E+10
   1073000   0.539 -0.473E+07  0.751E+10
   1074000   0.539 -0.405E+07  0.759E+10
   1075000   0.540  0.296E+09  0.737E+10
   1076000   0.540  0.717E+09 -0.599E+11
   1077000   0.541  0.538E+09 -0.814E+11
   1078000   0.541  0.401E+09 -0.449E+11
   1079000   0.542 -0.237E+09 -0.305E+11
   1080000   0.542 -0.477E+09 -0.216E+11
   1081000   0.543 -0.389E+09 -0.228E+11
   1082000   0.543 -0.308E+09 -0.960E+10
   1083000   0.544 -0.299E+09 -0.460E+09
   1084000   0.544 -0.104E+09  0.923E+09
   1085000   0.545 -0.844E+08  0.257E+10
   1086000   0.545 -0.794E+08  0.492E+10
   1087000   0.546 -0.449E+08  0.571E+10
   1088000   0.546 -0.245E+08  0.596E+10
   1089000   0.547 -0.132E+08  0.635E+10
   1090000   0.547 -0.925E+07  0.645E+10
   1091000   0.548 -0.593E+07  0.646E+10
   1092000   0.548 -0.456E+07  0.649E+10
   1093000   0.549 -0.475E+07  0.665E+10
   1094000   0.549 -0.512E+07  0.666E+10
   1095000   0.550 -0.394E+07  0.671E+10
   1096000   0.550 -0.339E+07  0.676E+10
   1097000   0.551 -0.414E+07  0.680E+10
   1098000   0.551 -0.292E+07  0.679E+10
   1099000   0.552 -0.206E+07  0.683E+10
   1100000   0.552 -0.286E+07  0.686E+10
   1101000   0.553 -0.193E+07  0.686E+10
   1102000   0.553 -0.232E+07  0.690E+10
   1103000   0.554 -0.215E+07  0.690E+10
   1104000   0.554 -0.265E+07  0.696E+10
   1105000   0.555 -0.197E+07  0.693E+10
   1106000   0.555 -0.128E+07  0.695E+10
   1107000   0.556 -0.205E+07  0.695E+10
   1108000   0.556 -0.227E+07  0.698E+10
   1109000   0.557 -0.235E+07  0.696E+10
   1110000   0.557 -0.232E+07  0.699E+10
   1111000   0.558 -0.257E+07  0.702E+10
   1112000   0.559 -0.278E+07  0.704E+10
   1113000   0.559 -0.224E+07  0.707E+10
   1114000   0.560 -0.261E+07  0.707E+10
   1115000   0.560  0.363E+09  0.705E+10
   1116000   0.561  0.641E+09 -0.674E+11
   1117000   0.561  0.483E+09 -0.702E+11
   1118000   0.562  0.364E+09 -0.385E+11
   1119000   0.562 -0.299E+09 -0.222E+11
   1120000   0.563 -0.470E+09 -0.228E+11
   1121000   0.563 -0.331E+09 -0.205E+11
   1122000   0.564 -0.260E+09 -0.235E+10
   1123000   0.564 -0.249E+09  0.788E+09
   1124000   0.565 -0.875E+08  0.834E+09
   1125000   0.565 -0.867E+08  0.196E+10
   1126000   0.566 -0.809E+08  0.559E+10
   1127000   0.566 -0.440E+08  0.574E+10
   1128000   0.567 -0.246E+08  0.563E+10
   1129000   0.567 -0.229E+08  0.673E+10
   1130000   0.568 -0.216E+08  0.686E+10
   1131000   0.568 -0.118E+08  0.698E+10
   1132000   0.569 -0.982E+07  0.689E+10
   1133000   0.569 -0.968E+07  0.732E+10
   1134000   0.570 -0.108E+08  0.739E+10
   1135000   0.570 -0.744E+07  0.750E+10
   1136000   0.571 -0.760E+07  0.753E+10
   1137000   0.571 -0.765E+07  0.770E+10
   1138000   0.572 -0.794E+07  0.775E+10
   1139000   0.572 -0.636E+07  0.782E+10
   1140000   0.573 -0.605E+07  0.787E+10
   1141000   0.573 -0.555E+07  0.792E+10
   1142000   0.574 -0.520E+07  0.796E+10
   1143000   0.574 -0.483E+07  0.800E+10
   1144000   0.575 -0.471E+07  0.803E+10
   1145000   0.575 -0.453E+07  0.806E+10
   1146000   0.576 -0.458E+07  0.812E+10
   1147000   0.576 -0.705E+07  0.817E+10
   1148000   0.577 -0.983E+07  0.869E+10
   1149000   0.577 -0.109E+08  0.878E+10
   1150000   0.578 -0.661E+07  0.885E+10
   1151000   0.578 -0.509E+07  0.891E+10
   1152000   0.579 -0.428E+07  0.904E+10
   1153000   0.579 -0.351E+07  0.905E+10
   1154000   0.580 -0.219E+07  0.907E+10
   1155000   0.580  0.447E+09  0.855E+10
   1156000   0.581  0.689E+09 -0.775E+11
   1157000   0.581  0.475E+09 -0.689E+11
   1158000   0.582  0.313E+09 -0.387E+11
   1159000   0.582 -0.365E+09 -0.238E+11
   1160000   0.583 -0.462E+09 -0.257E+11
   1161000   0.583 -0.334E+09 -0.199E+11
   1162000   0.584 -0.301E+09 -0.162E+10
   1163000   0.584 -0.206E+09  0.516E+09
   1164000   0.585 -0.907E+08  0.127E+10
   1165000   0.585 -0.908E+08  0.373E+10
   1166000   0.586 -0.858E+08  0.573E+10
   1167000   0.586 -0.471E+08  0.656E+10
   1168000   0.587 -0.334E+08  0.706E+10
   1169000   0.587 -0.244E+08  0.757E+10
   1170000   0.588 -0.170E+08  0.786E+10
   1171000   0.588 -0.102E+08  0.803E+10
   1172000   0.589 -0.623E+07  0.814E+10
   1173000   0.589 -0.480E+07  0.823E+10
   1174000   0.590 -0.339E+07  0.831E+10
   1175000   0.590 -0.266E+07  0.835E+10
   1176000   0.591 -0.219E+07  0.837E+10
   1177000   0.591 -0.168E+07  0.841E+10
   1178000   0.592 -0.174E+07  0.845E+10
   1179000   0.592 -0.182E+07  0.846E+10
   1180000   0.593 -0.118E+07  0.847E+10
   1181000   0.593 -0.136E+07  0.849E+10
   1182000   0.594 -0.194E+07  0.851E+10
   1183000   0.594 -0.222E+07  0.854E+10
   1184000   0.595 -0.172E+07  0.855E+10
   1185000   0.595 -0.199E+07  0.858E+10
   1186000   0.596 -0.168E+07  0.858E+10
   1187000   0.596 -0.170E+07  0.861E+10
   1188000   0.597 -0.194E+07  0.861E+10
   1189000   0.597 -0.184E+07  0.863E+10
   1190000   0.598 -0.230E+07  0.864E+10
   1191000   0.598 -0.220E+07  0.866E+10
   1192000   0.599 -0.242E+07  0.868E+10
   1193000   0.599 -0.216E+07  0.869E+10
   1194000   0.600 -0.202E+07  0.871E+10
   1195000   0.600  0.600E+09  0.843E+10
   1196000   0.601  0.635E+09 -0.805E+11
   1197000   0.601  0.445E+09 -0.606E+11
   1198000   0.602  0.105E+09 -0.361E+11
   1199000   0.602 -0.457E+09 -0.223E+11
   1200000   0.603 -0.441E+09 -0.246E+11
   1201000   0.603 -0.324E+09 -0.166E+11
   1202000   0.604 -0.312E+09 -0.872E+09
   1203000   0.604 -0.160E+09  0.116E+10
   1204000   0.605 -0.890E+08  0.180E+10
   1205000   0.605 -0.884E+08  0.473E+10
   1206000   0.606 -0.788E+08  0.627E+10
   1207000   0.606 -0.383E+08  0.674E+10
   1208000   0.607 -0.242E+08  0.716E+10
   1209000   0.607 -0.149E+08  0.756E+10
   1210000   0.608 -0.107E+08  0.768E+10
   1211000   0.608 -0.627E+07  0.770E+10
   1212000   0.609 -0.465E+07  0.783E+10
   1213000   0.609 -0.541E+07  0.793E+10
   1214000   0.610 -0.360E+07  0.797E+10
   1215000   0.610 -0.295E+07  0.797E+10
   1216000   0.611 -0.231E+07  0.802E+10
   1217000   0.611 -0.206E+07  0.808E+10
   1218000   0.612 -0.162E+07  0.809E+10
   1219000   0.612 -0.158E+07  0.809E+10
   1220000   0.613 -0.184E+07  0.812E+10
   1221000   0.613 -0.174E+07  0.814E+10
   1222000   0.614 -0.193E+07  0.815E+10
   1223000   0.614 -0.169E+07  0.815E+10
   1224000   0.615 -0.160E+07  0.818E+10
   1225000   0.615 -0.229E+07  0.819E+10
   1226000   0.616 -0.173E+07  0.820E+10
   1227000   0.616 -0.222E+07  0.822E+10
   1228000   0.617 -0.279E+07  0.825E+10
   1229000   0.617 -0.231E+07  0.827E+10
   1230000   0.618 -0.248E+07  0.829E+10
   1231000   0.618 -0.252E+07  0.829E+10
   1232000   0.619 -0.277E+07  0.830E+10
   1233000   0.619 -0.280E+07  0.834E+10
   1234000   0.620  0.260E+09  0.814E+10
   1235000   0.620  0.642E+09 -0.247E+11
   1236000   0.621  0.572E+09 -0.797E+11
   1237000   0.621  0.428E+09 -0.444E+11
   1238000   0.622 -0.114E+09 -0.290E+11
   1239000   0.622 -0.503E+09 -0.179E+11
   1240000   0.623 -0.396E+09 -0.246E+11
   1241000   0.623 -0.288E+09 -0.127E+11
   1242000   0.624 -0.300E+09  0.528E+09
   1243000   0.624 -0.113E+09  0.134E+10
   1244000   0.625 -0.923E+08  0.117E+10
   1245000   0.625 -0.905E+08  0.516E+10
   1246000   0.626 -0.740E+08  0.579E+10
   1247000   0.626 -0.319E+08  0.650E+10
   1248000   0.627 -0.287E+08  0.693E+10
   1249000   0.627 -0.201E+08  0.734E+10
   1250000   0.628 -0.142E+08  0.749E+10
   1251000   0.628 -0.100E+08  0.761E+10
   1252000   0.629 -0.799E+07  0.774E+10
   1253000   0.629 -0.693E+07  0.783E+10
   1254000   0.630 -0.581E+07  0.791E+10
   1255000   0.630 -0.524E+07  0.792E+10
   1256000   0.631 -0.465E+07  0.797E+10
   1257000   0.631 -0.469E+07  0.800E+10
   1258000   0.632 -0.472E+07  0.802E+10
   1259000   0.632 -0.451E+07  0.803E+10
   1260000   0.633 -0.443E+07  0.804E+10
   1261000   0.633 -0.448E+07  0.806E+10
   1262000   0.634 -0.430E+07  0.809E+10
   1263000   0.634 -0.420E+07  0.813E+10
   1264000   0.635 -0.409E+07  0.816E+10
   1265000   0.635 -0.407E+07  0.819E+10
   1266000   0.636 -0.401E+07  0.822E+10
   1267000   0.636 -0.396E+07  0.826E+10
   1268000   0.637 -0.434E+07  0.835E+10
   1269000   0.637 -0.638E+07  0.843E+10
   1270000   0.638 -0.616E+07  0.848E+10
   1271000   0.638 -0.487E+07  0.852E+10
   1272000   0.639 -0.419E+07  0.858E+10
   1273000   0.639 -0.364E+07  0.861E+10
   1274000   0.640  0.275E+09  0.828E+10
   1275000   0.640  0.714E+09 -0.564E+11
   1276000   0.641  0.557E+09 -0.817E+11
   1277000   0.641  0.415E+09 -0.444E+11
   1278000   0.642 -0.231E+09 -0.302E+11
   1279000   0.642 -0.484E+09 -0.209E+11
   1280000   0.643 -0.392E+09 -0.235E+11
   1281000   0.643 -0.295E+09 -0.110E+11
   1282000   0.644 -0.304E+09 -0.653E+09
   1283000   0.644 -0.121E+09  0.909E+09
   1284000   0.645 -0.955E+08  0.228E+10
   1285000   0.645 -0.850E+08  0.516E+10
   1286000   0.646 -0.550E+08  0.619E+10
   1287000   0.646 -0.317E+08  0.644E+10
   1288000   0.647 -0.172E+08  0.686E+10
   1289000   0.647 -0.126E+08  0.723E+10
   1290000   0.648 -0.101E+08  0.724E+10
   1291000   0.648 -0.684E+07  0.726E+10
   1292000   0.649 -0.816E+07  0.752E+10
   1293000   0.649 -0.858E+07  0.764E+10
   1294000   0.650 -0.533E+07  0.766E+10
   1295000   0.650 -0.323E+07  0.774E+10
   1296000   0.651 -0.312E+07  0.779E+10
   1297000   0.651 -0.301E+07  0.780E+10
   1298000   0.652 -0.240E+07  0.781E+10
   1299000   0.652 -0.196E+07  0.788E+10
   1300000   0.653 -0.212E+07  0.788E+10
   1301000   0.653 -0.190E+07  0.789E+10
   1302000   0.654 -0.180E+07  0.792E+10
   1303000   0.654 -0.238E+07  0.794E+10
   1304000   0.655 -0.245E+07  0.793E+10
   1305000   0.655 -0.244E+07  0.800E+10
   1306000   0.656 -0.310E+07  0.803E+10
   1307000   0.656 -0.265E+07  0.804E+10
   1308000   0.657 -0.190E+07  0.806E+10
   1309000   0.657 -0.219E+07  0.808E+10
   1310000   0.658 -0.243E+07  0.808E+10
   1311000   0.658 -0.234E+07  0.809E+10
   1312000   0.659 -0.270E+07  0.812E+10
   1313000   0.659 -0.287E+07  0.815E+10
   1314000   0.660  0.353E+09  0.796E+10
   1315000   0.660  0.651E+09 -0.667E+11
   1316000   0.661  0.508E+09 -0.725E+11
   1317000   0.661  0.381E+09 -0.392E+11
   1318000   0.662 -0.295E+09 -0.225E+11
   1319000   0.662 -0.479E+09 -0.234E+11
   1320000   0.663 -0.333E+09 -0.220E+11
   1321000   0.663 -0.260E+09 -0.339E+10
   1322000   0.664 -0.261E+09  0.434E+09
   1323000   0.664 -0.102E+09  0.520E+09
   1324000   0.665 -0.101E+09  0.137E+10
   1325000   0.665 -0.901E+08  0.588E+10
   1326000   0.666 -0.500E+08  0.620E+10
   1327000   0.666 -0.287E+08  0.604E+10
   1328000   0.667 -0.262E+08  0.704E+10
   1329000   0.667 -0.241E+08  0.730E+10
   1330000   0.668 -0.130E+08  0.747E+10
   1331000   0.668 -0.103E+08  0.739E+10
   1332000   0.669 -0.969E+07  0.784E+10
   1333000   0.669 -0.108E+08  0.786E+10
   1334000   0.670 -0.719E+07  0.798E+10
   1335000   0.671 -0.716E+07  0.800E+10
   1336000   0.671 -0.696E+07  0.818E+10
   1337000   0.672 -0.754E+07  0.822E+10
   1338000   0.672 -0.575E+07  0.830E+10
   1339000   0.673 -0.599E+07  0.834E+10
   1340000   0.673 -0.552E+07  0.840E+10
   1341000   0.674 -0.536E+07  0.845E+10
   1342000   0.674 -0.429E+07  0.849E+10
   1343000   0.675 -0.419E+07  0.852E+10
   1344000   0.675 -0.382E+07  0.852E+10
   1345000   0.676 -0.392E+07  0.857E+10
   1346000   0.676 -0.451E+07  0.860E+10
   1347000   0.677 -0.620E+07  0.865E+10
   1348000   0.677 -0.761E+07  0.884E+10
   1349000   0.678 -0.836E+07  0.906E+10
   1350000   0.678 -0.653E+07  0.912E+10
   1351000   0.679 -0.429E+07  0.916E+10
   1352000   0.679 -0.350E+07  0.923E+10
   1353000   0.680 -0.333E+07  0.926E+10
   1354000   0.680  0.440E+09  0.875E+10
   1355000   0.681  0.682E+09 -0.772E+11
   1356000   0.681  0.483E+09 -0.708E+11
   1357000   0.682  0.334E+09 -0.383E+11
   1358000   0.682 -0.351E+09 -0.236E+11
   1359000   0.683 -0.461E+09 -0.259E+11
   1360000   0.683 -0.331E+09 -0.208E+11
   1361000   0.684 -0.298E+09 -0.280E+10
   1362000   0.684 -0.212E+09 -0.297E+09
   1363000   0.685 -0.102E+09  0.625E+09
   1364000   0.685 -0.103E+09  0.298E+10
   1365000   0.686 -0.937E+08  0.552E+10
   1366000   0.686 -0.473E+08  0.639E+10
   1367000   0.687 -0.368E+08  0.685E+10
   1368000   0.687 -0.275E+08  0.749E+10
   1369000   0.688 -0.199E+08  0.781E+10
   1370000   0.688 -0.125E+08  0.793E+10
   1371000   0.689 -0.860E+07  0.805E+10
   1372000   0.689 -0.630E+07  0.820E+10
   1373000   0.690 -0.500E+07  0.826E+10
   1374000   0.690 -0.325E+07  0.830E+10
   1375000   0.691 -0.282E+07  0.834E+10
   1376000   0.691 -0.211E+07  0.840E+10
   1377000   0.692 -0.291E+07  0.842E+10
   1378000   0.692 -0.149E+07  0.846E+10
   1379000   0.693 -0.222E+07  0.848E+10
   1380000   0.693 -0.193E+07  0.852E+10
   1381000   0.694 -0.157E+07  0.856E+10
   1382000   0.694 -0.248E+07  0.858E+10
   1383000   0.695 -0.217E+07  0.863E+10
   1384000   0.695 -0.205E+07  0.868E+10
   1385000   0.696 -0.218E+07  0.871E+10
   1386000   0.696 -0.193E+07  0.873E+10
   1387000   0.697 -0.202E+07  0.875E+10
   1388000   0.697 -0.198E+07  0.877E+10
   1389000   0.698 -0.206E+07  0.879E+10
   1390000   0.698 -0.203E+07  0.881E+10
   1391000   0.699 -0.200E+07  0.882E+10
   1392000   0.699 -0.184E+07  0.883E+10
   1393000   0.700 -0.211E+07  0.884E+10
   1394000   0.700  0.576E+09  0.822E+10
   1395000   0.701  0.646E+09 -0.811E+11
   1396000   0.701  0.456E+09 -0.640E+11
   1397000   0.702  0.144E+09 -0.367E+11
   1398000   0.702 -0.441E+09 -0.227E+11
   1399000   0.703 -0.442E+09 -0.258E+11
   1400000   0.703 -0.327E+09 -0.179E+11
   1401000   0.704 -0.309E+09 -0.210E+10
   1402000   0.704 -0.178E+09  0.525E+09
   1403000   0.705 -0.985E+08  0.113E+10
   1404000   0.705 -0.935E+08  0.411E+10
   1405000   0.706 -0.849E+08  0.587E+10
   1406000   0.706 -0.446E+08  0.655E+10
   1407000   0.707 -0.290E+08  0.703E+10
   1408000   0.707 -0.213E+08  0.742E+10
   1409000   0.708 -0.131E+08  0.766E+10
   1410000   0.708 -0.743E+07  0.778E+10
   1411000   0.709 -0.497E+07  0.784E+10
   1412000   0.709 -0.406E+07  0.795E+10
   1413000   0.710 -0.385E+07  0.802E+10
   1414000   0.710 -0.262E+07  0.807E+10
   1415000   0.711 -0.226E+07  0.809E+10
   1416000   0.711 -0.198E+07  0.814E+10
   1417000   0.712 -0.230E+07  0.816E+10
   1418000   0.712 -0.164E+07  0.819E+10
   1419000   0.713 -0.169E+07  0.820E+10
   1420000   0.713 -0.159E+07  0.823E+10
   1421000   0.714 -0.207E+07  0.825E+10
   1422000   0.714 -0.237E+07  0.829E+10
   1423000   0.715 -0.240E+07  0.831E+10
   1424000   0.715 -0.254E+07  0.832E+10
   1425000   0.716 -0.224E+07  0.835E+10
   1426000   0.716 -0.223E+07  0.839E+10
   1427000   0.717 -0.207E+07  0.838E+10
   1428000   0.717 -0.150E+07  0.838E+10
   1429000   0.718 -0.180E+07  0.841E+10
   1430000   0.718 -0.270E+07  0.843E+10
   1431000   0.719 -0.260E+07  0.845E+10
   1432000   0.719 -0.257E+07  0.846E+10
   1433000   0.720 -0.267E+07  0.847E+10
   1434000   0.720  0.634E+09 -0.203E+11
   1435000   0.721  0.602E+09 -0.807E+11
   1436000   0.721  0.432E+09 -0.454E+11
   1437000   0.722 -0.961E+08 -0.297E+11
   1438000   0.722 -0.506E+09 -0.173E+11
   1439000   0.723 -0.401E+09 -0.258E+11
   1440000   0.723 -0.277E+09 -0.137E+11
   1441000   0.724 -0.291E+09 -0.345E+09
   1442000   0.724 -0.123E+09  0.707E+09
   1443000   0.725 -0.103E+09  0.345E+09
   1444000   0.725 -0.100E+09  0.494E+10
   1445000   0.726 -0.878E+08  0.576E+10
   1446000   0.726 -0.320E+08  0.621E+10
   1447000   0.727 -0.302E+08  0.646E+10
   1448000   0.727 -0.244E+08  0.718E+10
   1449000   0.728 -0.187E+08  0.749E+10
   1450000   0.728 -0.128E+08  0.767E+10
   1451000   0.729 -0.100E+08  0.783E+10
   1452000   0.729 -0.731E+07  0.789E+10
   1453000   0.730 -0.531E+07  0.800E+10
   1454000   0.730 -0.386E+07  0.805E+10
   1455000   0.731 -0.242E+07  0.808E+10
   1456000   0.731 -0.848E+06  0.804E+10
   1457000   0.732 -0.694E+06  0.801E+10
   1458000   0.732 -0.178E+07  0.798E+10
   1459000   0.733 -0.240E+07  0.797E+10
   1460000   0.733 -0.382E+07  0.807E+10
   1461000   0.734 -0.654E+07  0.821E+10
   1462000   0.734 -0.673E+07  0.827E+10
   1463000   0.735 -0.515E+07  0.832E+10
   1464000   0.735 -0.478E+07  0.840E+10
   1465000   0.736 -0.469E+07  0.843E+10
   1466000   0.736 -0.362E+07  0.843E+10
   1467000   0.737 -0.330E+07  0.842E+10
   1468000   0.737 -0.328E+07  0.843E+10
   1469000   0.738 -0.331E+07  0.845E+10
   1470000   0.738 -0.349E+07  0.847E+10
   1471000   0.739 -0.348E+07  0.851E+10
   1472000   0.739 -0.360E+07  0.853E+10
   1473000   0.740  0.246E+09  0.832E+10
   1474000   0.740  0.693E+09 -0.533E+11
   1475000   0.741  0.556E+09 -0.819E+11
   1476000   0.741  0.418E+09 -0.428E+11
   1477000   0.742 -0.221E+09 -0.295E+11
   1478000   0.742 -0.469E+09 -0.203E+11
   1479000   0.743 -0.384E+09 -0.241E+11
   1480000   0.743 -0.295E+09 -0.111E+11
   1481000   0.744 -0.308E+09 -0.564E+09
   1482000   0.744 -0.118E+09  0.519E+09
   1483000   0.745 -0.992E+08  0.169E+10
   1484000   0.745 -0.950E+08  0.479E+10
   1485000   0.746 -0.635E+08  0.608E+10
   1486000   0.746 -0.370E+08  0.648E+10
   1487000   0.747 -0.207E+08  0.703E+10
   1488000   0.747 -0.146E+08  0.736E+10
   1489000   0.748 -0.998E+07  0.734E+10
   1490000   0.748 -0.814E+07  0.740E+10
   1491000   0.749 -0.817E+07  0.768E+10
   1492000   0.749 -0.841E+07  0.782E+10
   1493000   0.750 -0.572E+07  0.779E+10
   1494000   0.750 -0.320E+07  0.787E+10
   1495000   0.751 -0.353E+07  0.796E+10
   1496000   0.751 -0.363E+07  0.797E+10
   1497000   0.752 -0.240E+07  0.799E+10
   1498000   0.752 -0.269E+07  0.803E+10
   1499000   0.753 -0.245E+07  0.808E+10
   1500000   0.753 -0.214E+07  0.813E+10
   1501000   0.754 -0.180E+07  0.813E+10
   1502000   0.754 -0.208E+07  0.821E+10
   1503000   0.755 -0.295E+07  0.824E+10
   1504000   0.755 -0.261E+07  0.828E+10
   1505000   0.756 -0.295E+07  0.833E+10
   1506000   0.756 -0.256E+07  0.835E+10
   1507000   0.757 -0.237E+07  0.836E+10
   1508000   0.757 -0.198E+07  0.838E+10
   1509000   0.758 -0.253E+07  0.842E+10
   1510000   0.758 -0.266E+07  0.843E+10
   1511000   0.759 -0.244E+07  0.845E+10
   1512000   0.759 -0.254E+07  0.847E+10
   1513000   0.760  0.343E+09  0.821E+10
   1514000   0.760  0.661E+09 -0.662E+11
   1515000   0.761  0.526E+09 -0.737E+11
   1516000   0.761  0.390E+09 -0.397E+11
   1517000   0.762 -0.291E+09 -0.231E+11
   1518000   0.762 -0.481E+09 -0.236E+11
   1519000   0.763 -0.337E+09 -0.228E+11
   1520000   0.763 -0.260E+09 -0.439E+10
   1521000   0.764 -0.269E+09  0.155E+09
   1522000   0.764 -0.110E+09  0.179E+09
   1523000   0.765 -0.107E+09  0.913E+09
   1524000   0.765 -0.939E+08  0.588E+10
   1525000   0.766 -0.530E+08  0.625E+10
   1526000   0.766 -0.307E+08  0.619E+10
   1527000   0.767 -0.287E+08  0.692E+10
   1528000   0.767 -0.260E+08  0.751E+10
   1529000   0.768 -0.146E+08  0.773E+10
   1530000   0.768 -0.118E+08  0.771E+10
   1531000   0.769 -0.105E+08  0.813E+10
   1532000   0.769 -0.111E+08  0.817E+10
   1533000   0.770 -0.769E+07  0.827E+10
   1534000   0.770 -0.727E+07  0.829E+10
   1535000   0.771 -0.653E+07  0.842E+10
   1536000   0.771 -0.677E+07  0.845E+10
   1537000   0.772 -0.537E+07  0.849E+10
   1538000   0.772 -0.551E+07  0.853E+10
   1539000   0.773 -0.527E+07  0.858E+10
   1540000   0.773 -0.491E+07  0.862E+10
   1541000   0.774 -0.391E+07  0.864E+10
   1542000   0.774 -0.371E+07  0.866E+10
   1543000   0.775 -0.357E+07  0.867E+10
   1544000   0.775 -0.374E+07  0.872E+10
   1545000   0.776 -0.502E+07  0.874E+10
   1546000   0.776 -0.667E+07  0.890E+10
   1547000   0.777 -0.804E+07  0.903E+10
   1548000   0.777 -0.636E+07  0.909E+10
   1549000   0.778 -0.475E+07  0.916E+10
   1550000   0.778 -0.444E+07  0.926E+10
   1551000   0.779 -0.389E+07  0.930E+10
   1552000   0.779 -0.275E+07  0.932E+10
   1553000   0.780  0.433E+09  0.891E+10
   1554000   0.780  0.708E+09 -0.772E+11
   1555000   0.781  0.495E+09 -0.711E+11
   1556000   0.782  0.351E+09 -0.389E+11
   1557000   0.782 -0.351E+09 -0.235E+11
   1558000   0.783 -0.467E+09 -0.268E+11
   1559000   0.783 -0.325E+09 -0.219E+11
   1560000   0.784 -0.291E+09 -0.342E+10
   1561000   0.784 -0.234E+09 -0.559E+09
   1562000   0.785 -0.112E+09  0.161E+09
   1563000   0.785 -0.108E+09  0.229E+10
   1564000   0.786 -0.102E+09  0.549E+10
   1565000   0.786 -0.507E+08  0.636E+10
   1566000   0.787 -0.369E+08  0.675E+10
   1567000   0.787 -0.284E+08  0.741E+10
   1568000   0.788 -0.198E+08  0.780E+10
   1569000   0.788 -0.131E+08  0.797E+10
   1570000   0.789 -0.853E+07  0.808E+10
   1571000   0.789 -0.629E+07  0.817E+10
   1572000   0.790 -0.468E+07  0.829E+10
   1573000   0.790 -0.417E+07  0.834E+10
   1574000   0.791 -0.345E+07  0.838E+10
   1575000   0.791 -0.320E+07  0.843E+10
   1576000   0.792 -0.230E+07  0.847E+10
   1577000   0.792 -0.179E+07  0.849E+10
   1578000   0.793 -0.202E+07  0.852E+10
   1579000   0.793 -0.243E+07  0.856E+10
   1580000   0.794 -0.283E+07  0.859E+10
   1581000   0.794 -0.204E+07  0.860E+10
   1582000   0.795 -0.174E+07  0.863E+10
   1583000   0.795 -0.177E+07  0.863E+10
   1584000   0.796 -0.205E+07  0.866E+10
   1585000   0.796 -0.214E+07  0.867E+10
   1586000   0.797 -0.197E+07  0.870E+10
   1587000   0.797 -0.232E+07  0.874E+10
   1588000   0.798 -0.250E+07  0.877E+10
   1589000   0.798 -0.230E+07  0.881E+10
   1590000   0.799 -0.238E+07  0.884E+10
   1591000   0.799 -0.260E+07  0.886E+10
   1592000   0.800 -0.259E+07  0.887E+10
   1593000   0.800  0.549E+09  0.827E+10
   1594000   0.801  0.652E+09 -0.813E+11
   1595000   0.801  0.460E+09 -0.652E+11
   1596000   0.802  0.179E+09 -0.368E+11
   1597000   0.802 -0.426E+09 -0.224E+11
   1598000   0.803 -0.450E+09 -0.261E+11
   1599000   0.803 -0.328E+09 -0.183E+11
   1600000   0.804 -0.310E+09 -0.192E+10
   1601000   0.804 -0.174E+09  0.216E+09
   1602000   0.805 -0.964E+08  0.547E+09
   1603000   0.805 -0.997E+08  0.389E+10
   1604000   0.806 -0.948E+08  0.590E+10
   1605000   0.806 -0.455E+08  0.651E+10
   1606000   0.807 -0.328E+08  0.697E+10
   1607000   0.807 -0.248E+08  0.756E+10
   1608000   0.808 -0.174E+08  0.779E+10
   1609000   0.808 -0.921E+07  0.788E+10
   1610000   0.809 -0.625E+07  0.800E+10
   1611000   0.809 -0.551E+07  0.813E+10
   1612000   0.810 -0.448E+07  0.815E+10
   1613000   0.810 -0.259E+07  0.817E+10
   1614000   0.811 -0.261E+07  0.821E+10
   1615000   0.811 -0.273E+07  0.827E+10
   1616000   0.812 -0.207E+07  0.829E+10
   1617000   0.812 -0.174E+07  0.830E+10
   1618000   0.813 -0.248E+07  0.832E+10
   1619000   0.813 -0.252E+07  0.836E+10
   1620000   0.814 -0.244E+07  0.838E+10
   1621000   0.814 -0.193E+07  0.839E+10
   1622000   0.815 -0.236E+07  0.841E+10
   1623000   0.815 -0.245E+07  0.844E+10
   1624000   0.816 -0.268E+07  0.849E+10
   1625000   0.816 -0.270E+07  0.852E+10
   1626000   0.817 -0.246E+07  0.855E+10
   1627000   0.817 -0.238E+07  0.860E+10
   1628000   0.818 -0.243E+07  0.860E+10
   1629000   0.818 -0.175E+07  0.859E+10
   1630000   0.819 -0.199E+07  0.860E+10
   1631000   0.819 -0.250E+07  0.860E+10
   1632000   0.820 -0.263E+07  0.862E+10
   1633000   0.820  0.621E+09 -0.905E+10
   1634000   0.821  0.610E+09 -0.805E+11
   1635000   0.821  0.440E+09 -0.461E+11
   1636000   0.822 -0.767E+08 -0.300E+11
   1637000   0.822 -0.505E+09 -0.181E+11
   1638000   0.823 -0.403E+09 -0.260E+11
   1639000   0.823 -0.288E+09 -0.144E+11
   1640000   0.824 -0.298E+09 -0.111E+09
   1641000   0.824 -0.127E+09  0.813E+09
   1642000   0.825 -0.104E+09  0.444E+09
   1643000   0.825 -0.102E+09  0.491E+10
   1644000   0.826 -0.896E+08  0.595E+10
   1645000   0.826 -0.338E+08  0.648E+10
   1646000   0.827 -0.316E+08  0.676E+10
   1647000   0.827 -0.268E+08  0.748E+10
   1648000   0.828 -0.194E+08  0.777E+10
   1649000   0.828 -0.120E+08  0.795E+10
   1650000   0.829 -0.812E+07  0.812E+10
   1651000   0.829 -0.536E+07  0.810E+10
   1652000   0.830 -0.336E+07  0.813E+10
   1653000   0.830 -0.416E+07  0.820E+10
   1654000   0.831 -0.630E+07  0.832E+10
   1655000   0.831 -0.571E+07  0.834E+10
   1656000   0.832 -0.442E+07  0.838E+10
   1657000   0.832 -0.441E+07  0.844E+10
   1658000   0.833 -0.414E+07  0.848E+10
   1659000   0.833 -0.385E+07  0.851E+10
   1660000   0.834 -0.348E+07  0.852E+10
   1661000   0.834 -0.350E+07  0.853E+10
   1662000   0.835 -0.359E+07  0.854E+10
   1663000   0.835 -0.343E+07  0.856E+10
   1664000   0.836 -0.362E+07  0.858E+10
   1665000   0.836 -0.355E+07  0.860E+10
   1666000   0.837 -0.353E+07  0.862E+10
   1667000   0.837 -0.349E+07  0.865E+10
   1668000   0.838 -0.351E+07  0.868E+10
   1669000   0.838 -0.344E+07  0.873E+10
   1670000   0.839 -0.355E+07  0.877E+10
   1671000   0.839 -0.379E+07  0.884E+10
   1672000   0.840  0.218E+09  0.854E+10
   1673000   0.840  0.711E+09 -0.500E+11
   1674000   0.841  0.584E+09 -0.817E+11
   1675000   0.841  0.424E+09 -0.449E+11
   1676000   0.842 -0.215E+09 -0.308E+11
   1677000   0.842 -0.489E+09 -0.204E+11
   1678000   0.843 -0.394E+09 -0.247E+11
   1679000   0.843 -0.301E+09 -0.118E+11
   1680000   0.844 -0.315E+09 -0.104E+10
   1681000   0.844 -0.129E+09  0.527E+09
   1682000   0.845 -0.104E+09  0.177E+10
   1683000   0.845 -0.938E+08  0.492E+10
   1684000   0.846 -0.650E+08  0.623E+10
   1685000   0.846 -0.360E+08  0.648E+10
   1686000   0.847 -0.248E+08  0.704E+10
   1687000   0.847 -0.212E+08  0.744E+10
   1688000   0.848 -0.130E+08  0.763E+10
   1689000   0.848 -0.804E+07  0.770E+10
   1690000   0.849 -0.659E+07  0.785E+10
   1691000   0.849 -0.583E+07  0.798E+10
   1692000   0.850 -0.429E+07  0.802E+10
   1693000   0.850 -0.348E+07  0.808E+10
   1694000   0.851 -0.259E+07  0.815E+10
   1695000   0.851 -0.251E+07  0.819E+10
   1696000   0.852 -0.226E+07  0.822E+10
   1697000   0.852 -0.177E+07  0.825E+10
   1698000   0.853 -0.219E+07  0.829E+10
   1699000   0.853 -0.271E+07  0.831E+10
   1700000   0.854 -0.276E+07  0.835E+10
   1701000   0.854 -0.327E+07  0.838E+10
   1702000   0.855 -0.304E+07  0.841E+10
   1703000   0.855 -0.236E+07  0.844E+10
   1704000   0.856 -0.242E+07  0.847E+10
   1705000   0.856 -0.231E+07  0.849E+10
   1706000   0.857 -0.237E+07  0.850E+10
   1707000   0.857 -0.223E+07  0.849E+10
   1708000   0.858 -0.216E+07  0.849E+10
   1709000   0.858 -0.188E+07  0.854E+10
   1710000   0.859 -0.288E+07  0.858E+10
   1711000   0.859 -0.294E+07  0.861E+10
   1712000   0.860  0.338E+09  0.829E+10
   1713000   0.860  0.660E+09 -0.660E+11
   1714000   0.861  0.541E+09 -0.747E+11
   1715000   0.861  0.398E+09 -0.403E+11
   1716000   0.862 -0.289E+09 -0.233E+11
   1717000   0.862 -0.487E+09 -0.238E+11
   1718000   0.863 -0.335E+09 -0.235E+11
   1719000   0.863 -0.258E+09 -0.524E+10
   1720000   0.864 -0.274E+09 -0.703E+08
   1721000   0.864 -0.115E+09 -0.183E+09
   1722000   0.865 -0.110E+09  0.508E+09
   1723000   0.865 -0.969E+08  0.583E+10
   1724000   0.866 -0.567E+08  0.622E+10
   1725000   0.866 -0.334E+08  0.623E+10
   1726000   0.867 -0.306E+08  0.681E+10
   1727000   0.867 -0.271E+08  0.754E+10
   1728000   0.868 -0.161E+08  0.784E+10
   1729000   0.868 -0.130E+08  0.783E+10
   1730000   0.869 -0.106E+08  0.820E+10
   1731000   0.869 -0.104E+08  0.823E+10
   1732000   0.870 -0.754E+07  0.832E+10
   1733000   0.870 -0.711E+07  0.835E+10
   1734000   0.871 -0.629E+07  0.849E+10
   1735000   0.871 -0.663E+07  0.852E+10
   1736000   0.872 -0.514E+07  0.857E+10
   1737000   0.872 -0.545E+07  0.861E+10
   1738000   0.873 -0.514E+07  0.865E+10
   1739000   0.873 -0.497E+07  0.869E+10
   1740000   0.874 -0.441E+07  0.871E+10
   1741000   0.874 -0.401E+07  0.874E+10
   1742000   0.875 -0.359E+07  0.872E+10
   1743000   0.875 -0.338E+07  0.876E+10
   1744000   0.876 -0.336E+07  0.887E+10
   1745000   0.876 -0.635E+07  0.899E+10
   1746000   0.877 -0.710E+07  0.907E+10
   1747000   0.877 -0.607E+07  0.915E+10
   1748000   0.878 -0.524E+07  0.924E+10
   1749000   0.878 -0.467E+07  0.931E+10
   1750000   0.879 -0.350E+07  0.933E+10
   1751000   0.879 -0.287E+07  0.938E+10
   1752000   0.880  0.413E+09  0.891E+10
   1753000   0.880  0.710E+09 -0.770E+11
   1754000   0.881  0.499E+09 -0.718E+11
   1755000   0.881  0.365E+09 -0.386E+11
   1756000   0.882 -0.344E+09 -0.234E+11
   1757000   0.882 -0.469E+09 -0.272E+11
   1758000   0.883 -0.325E+09 -0.224E+11
   1759000   0.883 -0.290E+09 -0.300E+10
   1760000   0.884 -0.234E+09 -0.889E+09
   1761000   0.884 -0.104E+09 -0.230E+09
   1762000   0.885 -0.110E+09  0.153E+10
   1763000   0.885 -0.104E+09  0.501E+10
   1764000   0.886 -0.529E+08  0.605E+10
   1765000   0.886 -0.422E+08  0.658E+10
   1766000   0.887 -0.331E+08  0.731E+10
   1767000   0.887 -0.252E+08  0.775E+10
   1768000   0.888 -0.156E+08  0.796E+10
   1769000   0.888 -0.104E+08  0.809E+10
   1770000   0.889 -0.730E+07  0.820E+10
   1771000   0.889 -0.541E+07  0.831E+10
   1772000   0.890 -0.430E+07  0.839E+10
   1773000   0.890 -0.308E+07  0.844E+10
   1774000   0.891 -0.272E+07  0.848E+10
   1775000   0.891 -0.301E+07  0.853E+10
   1776000   0.892 -0.235E+07  0.858E+10
   1777000   0.892 -0.243E+07  0.861E+10
   1778000   0.893 -0.233E+07  0.865E+10
   1779000   0.894 -0.178E+07  0.865E+10
   1780000   0.894 -0.135E+07  0.868E+10
   1781000   0.895 -0.211E+07  0.868E+10
   1782000   0.895 -0.188E+07  0.868E+10
   1783000   0.896 -0.230E+07  0.872E+10
   1784000   0.896 -0.244E+07  0.873E+10
   1785000   0.897 -0.237E+07  0.878E+10
   1786000   0.897 -0.269E+07  0.882E+10
   1787000   0.898 -0.269E+07  0.886E+10
   1788000   0.898 -0.272E+07  0.889E+10
   1789000   0.899 -0.268E+07  0.889E+10
   1790000   0.899 -0.230E+07  0.891E+10
   1791000   0.900 -0.258E+07  0.893E+10
   1792000   0.900  0.520E+09  0.833E+10
   1793000   0.901  0.657E+09 -0.806E+11
   1794000   0.901  0.464E+09 -0.660E+11
   1795000   0.902  0.217E+09 -0.365E+11
   1796000   0.902 -0.410E+09 -0.225E+11
   1797000   0.903 -0.440E+09 -0.265E+11
   1798000   0.903 -0.327E+09 -0.190E+11
   1799000   0.904 -0.307E+09 -0.212E+10
   1800000   0.904 -0.193E+09  0.224E+09
   1801000   0.905 -0.104E+09  0.632E+09
   1802000   0.905 -0.101E+09  0.402E+10
   1803000   0.906 -0.914E+08  0.592E+10
   1804000   0.906 -0.454E+08  0.654E+10
   1805000   0.907 -0.312E+08  0.702E+10
   1806000   0.907 -0.229E+08  0.754E+10
   1807000   0.908 -0.161E+08  0.777E+10
   1808000   0.908 -0.993E+07  0.786E+10
   1809000   0.909 -0.672E+07  0.802E+10
   1810000   0.909 -0.629E+07  0.813E+10
   1811000   0.910 -0.420E+07  0.820E+10
   1812000   0.910 -0.270E+07  0.824E+10
   1813000   0.911 -0.267E+07  0.828E+10
   1814000   0.911 -0.258E+07  0.831E+10
   1815000   0.912 -0.164E+07  0.835E+10
   1816000   0.912 -0.148E+07  0.837E+10
   1817000   0.913 -0.165E+07  0.839E+10
   1818000   0.913 -0.201E+07  0.841E+10
   1819000   0.914 -0.226E+07  0.842E+10
   1820000   0.914 -0.230E+07  0.844E+10
   1821000   0.915 -0.221E+07  0.843E+10
   1822000   0.915 -0.200E+07  0.844E+10
   1823000   0.916 -0.214E+07  0.845E+10
   1824000   0.916 -0.231E+07  0.848E+10
   1825000   0.917 -0.217E+07  0.850E+10
   1826000   0.917 -0.250E+07  0.853E+10
   1827000   0.918 -0.273E+07  0.857E+10
   1828000   0.918 -0.299E+07  0.861E+10
   1829000   0.919 -0.275E+07  0.864E+10
   1830000   0.919 -0.273E+07  0.866E+10
   1831000   0.920 -0.244E+07  0.867E+10
   1832000   0.920  0.608E+09  0.560E+10
   1833000   0.921  0.616E+09 -0.804E+11
   1834000   0.921  0.440E+09 -0.468E+11
   1835000   0.922 -0.492E+08 -0.302E+11
   1836000   0.922 -0.501E+09 -0.175E+11
   1837000   0.923 -0.405E+09 -0.263E+11
   1838000   0.923 -0.281E+09 -0.150E+11
   1839000   0.924 -0.290E+09 -0.414E+09
   1840000   0.924 -0.131E+09  0.543E+09
   1841000   0.925 -0.107E+09  0.502E+07
   1842000   0.925 -0.105E+09  0.450E+10
   1843000   0.926 -0.978E+08  0.599E+10
   1844000   0.926 -0.353E+08  0.634E+10
   1845000   0.927 -0.323E+08  0.654E+10
   1846000   0.927 -0.280E+08  0.739E+10
   1847000   0.928 -0.211E+08  0.772E+10
   1848000   0.928 -0.134E+08  0.787E+10
   1849000   0.929 -0.944E+07  0.801E+10
   1850000   0.929 -0.655E+07  0.803E+10
   1851000   0.930 -0.478E+07  0.811E+10
   1852000   0.930 -0.559E+07  0.819E+10
   1853000   0.931 -0.562E+07  0.829E+10
   1854000   0.931 -0.520E+07  0.833E+10
   1855000   0.932 -0.453E+07  0.837E+10
   1856000   0.932 -0.417E+07  0.839E+10
   1857000   0.933 -0.376E+07  0.840E+10
   1858000   0.933 -0.370E+07  0.841E+10
   1859000   0.934 -0.374E+07  0.843E+10
   1860000   0.934 -0.379E+07  0.846E+10
   1861000   0.935 -0.388E+07  0.847E+10
   1862000   0.935 -0.366E+07  0.850E+10
   1863000   0.936 -0.362E+07  0.852E+10
   1864000   0.936 -0.357E+07  0.855E+10
   1865000   0.937 -0.365E+07  0.859E+10
   1866000   0.937 -0.372E+07  0.865E+10
   1867000   0.938 -0.438E+07  0.872E+10
   1868000   0.938 -0.436E+07  0.877E+10
   1869000   0.939 -0.406E+07  0.882E+10
   1870000   0.939 -0.362E+07  0.886E+10
   1871000   0.940  0.190E+09  0.857E+10
   1872000   0.940  0.705E+09 -0.457E+11
   1873000   0.941  0.578E+09 -0.822E+11
   1874000   0.941  0.430E+09 -0.445E+11
   1875000   0.942 -0.202E+09 -0.304E+11
   1876000   0.942 -0.481E+09 -0.203E+11
   1877000   0.943 -0.390E+09 -0.251E+11
   1878000   0.943 -0.304E+09 -0.126E+11
   1879000   0.944 -0.319E+09 -0.898E+09
   1880000   0.944 -0.127E+09  0.498E+09
   1881000   0.945 -0.103E+09  0.145E+10
   1882000   0.945 -0.970E+08  0.476E+10
   1883000   0.946 -0.674E+08  0.611E+10
   1884000   0.946 -0.388E+08  0.653E+10
   1885000   0.947 -0.250E+08  0.706E+10
   1886000   0.947 -0.186E+08  0.740E+10
   1887000   0.948 -0.120E+08  0.756E+10
   1888000   0.948 -0.809E+07  0.764E+10
   1889000   0.949 -0.587E+07  0.782E+10
   1890000   0.949 -0.529E+07  0.793E+10
   1891000   0.950 -0.445E+07  0.798E+10
   1892000   0.950 -0.350E+07  0.803E+10
   1893000   0.951 -0.326E+07  0.812E+10
   1894000   0.951 -0.370E+07  0.816E+10
   1895000   0.952 -0.216E+07  0.820E+10
   1896000   0.952 -0.153E+07  0.824E+10
   1897000   0.953 -0.194E+07  0.825E+10
   1898000   0.953 -0.237E+07  0.829E+10
   1899000   0.954 -0.272E+07  0.833E+10
   1900000   0.954 -0.238E+07  0.837E+10
   1901000   0.955 -0.241E+07  0.840E+10
   1902000   0.955 -0.183E+07  0.841E+10
   1903000   0.956 -0.239E+07  0.844E+10
   1904000   0.956 -0.278E+07  0.846E+10
   1905000   0.957 -0.229E+07  0.846E+10
   1906000   0.957 -0.180E+07  0.850E+10
   1907000   0.958 -0.297E+07  0.853E+10
   1908000   0.958 -0.280E+07  0.855E+10
   1909000   0.959 -0.248E+07  0.855E+10
   1910000   0.959 -0.223E+07  0.855E+10
   1911000   0.960  0.327E+09  0.818E+10
   1912000   0.960  0.652E+09 -0.639E+11
   1913000   0.961  0.542E+09 -0.752E+11
   1914000   0.961  0.402E+09 -0.401E+11
   1915000   0.962 -0.280E+09 -0.235E+11
   1916000   0.962 -0.481E+09 -0.232E+11
   1917000   0.963 -0.338E+09 -0.235E+11
   1918000   0.963 -0.259E+09 -0.599E+10
   1919000   0.964 -0.276E+09 -0.176E+09
   1920000   0.964 -0.113E+09 -0.237E+09
   1921000   0.965 -0.109E+09  0.324E+09
   1922000   0.965 -0.964E+08  0.570E+10
   1923000   0.966 -0.579E+08  0.604E+10
